#vector_size	count	cdf
1	3542460	0.660807
2	475306	0.74947
3	267549	0.799379
4	164515	0.830067
5	115434	0.8516
6	87133	0.867854
7	72152	0.881313
8	59058	0.892329
9	46749	0.90105
10	28529	0.906372
11	24188	0.910884
12	22390	0.91506
13	19674	0.91873
14	18106	0.922108
15	17935	0.925453
16	19389	0.92907
17	19067	0.932627
18	11178	0.934712
19	9740	0.936529
20	9092	0.938225
21	8315	0.939776
22	8508	0.941363
23	9423	0.943121
24	10431	0.945067
25	11054	0.947129
26	9746	0.948947
27	5791	0.950027
28	5268	0.95101
29	5372	0.952012
30	5794	0.953093
31	6087	0.954228
32	6802	0.955497
33	7393	0.956876
34	6983	0.958179
35	5628	0.959228
36	4321	0.960034
37	4379	0.960851
38	4329	0.961659
39	4258	0.962453
40	4625	0.963316
41	4945	0.964238
42	4937	0.965159
43	4160	0.965935
44	2927	0.966481
45	2809	0.967005
46	3020	0.967569
47	3241	0.968173
48	3390	0.968805
49	3732	0.969502
50	3574	0.970168
51	3319	0.970787
52	2851	0.971319
53	2297	0.971748
54	2391	0.972194
55	2618	0.972682
56	2792	0.973203
57	3040	0.97377
58	3201	0.974367
59	3037	0.974934
60	2685	0.975434
61	2180	0.975841
62	2200	0.976252
63	2101	0.976643
64	1984	0.977014
65	2144	0.977413
66	2097	0.977805
67	2188	0.978213
68	1958	0.978578
69	1693	0.978894
70	1578	0.979188
71	1581	0.979483
72	1651	0.979791
73	1669	0.980102
74	1665	0.980413
75	1824	0.980753
76	1634	0.981058
77	1440	0.981327
78	1353	0.981579
79	1159	0.981795
80	1282	0.982034
81	1334	0.982283
82	1412	0.982547
83	1486	0.982824
84	1476	0.983099
85	1372	0.983355
86	1254	0.983589
87	1068	0.983788
88	1133	0.984
89	1200	0.984223
90	1276	0.984461
91	1262	0.984697
92	1269	0.984934
93	1258	0.985168
94	1127	0.985379
95	999	0.985565
96	1049	0.985761
97	1087	0.985963
98	1163	0.98618
99	1262	0.986416
100	1335	0.986665
101	1298	0.986907
102	1177	0.987126
103	1062	0.987324
104	1093	0.987528
105	1154	0.987744
106	1267	0.98798
107	1318	0.988226
108	1446	0.988496
109	1536	0.988782
110	1609	0.989082
111	1502	0.989362
112	1435	0.98963
113	1602	0.989929
114	1722	0.99025
115	1995	0.990622
116	2221	0.991037
117	2375	0.99148
118	2508	0.991947
119	2587	0.99243
120	2860	0.992964
121	3017	0.993526
122	3331	0.994148
123	3535	0.994807
124	3807	0.995517
125	3717	0.996211
126	3416	0.996848
127	2786	0.997368
128	1730	0.99769
129	945	0.997867
130	722	0.998001
131	648	0.998122
132	608	0.998236
133	536	0.998336
134	449	0.998419
135	393	0.998493
136	348	0.998557
137	312	0.998616
138	297	0.998671
139	292	0.998726
140	237	0.99877
141	239	0.998814
142	217	0.998855
143	215	0.998895
144	226	0.998937
145	186	0.998972
146	203	0.99901
147	176	0.999042
148	149	0.99907
149	140	0.999096
150	137	0.999122
151	134	0.999147
152	147	0.999174
153	115	0.999196
154	126	0.999219
155	143	0.999246
156	124	0.999269
157	110	0.99929
158	119	0.999312
159	99	0.99933
160	107	0.99935
161	93	0.999368
162	107	0.999388
163	101	0.999406
164	103	0.999426
165	107	0.999446
166	106	0.999465
167	90	0.999482
168	67	0.999495
169	84	0.99951
170	68	0.999523
171	89	0.99954
172	78	0.999554
173	66	0.999566
174	72	0.99958
175	64	0.999592
176	85	0.999608
177	72	0.999621
178	62	0.999633
179	64	0.999645
180	62	0.999656
181	63	0.999668
182	67	0.99968
183	66	0.999693
184	54	0.999703
185	62	0.999714
186	70	0.999727
187	62	0.999739
188	37	0.999746
189	59	0.999757
190	44	0.999765
191	55	0.999775
192	37	0.999782
193	25	0.999787
194	31	0.999793
195	26	0.999798
196	15	0.9998
197	17	0.999804
198	14	0.999806
199	12	0.999808
200	7	0.99981
201	11	0.999812
202	9	0.999813
203	10	0.999815
204	14	0.999818
205	14	0.999821
206	15	0.999823
207	13	0.999826
208	13	0.999828
209	12	0.99983
210	19	0.999834
211	13	0.999836
212	13	0.999839
213	14	0.999841
214	5	0.999842
215	18	0.999846
216	13	0.999848
217	8	0.99985
218	14	0.999852
219	8	0.999854
220	15	0.999857
221	9	0.999858
222	14	0.999861
223	9	0.999863
224	11	0.999865
225	10	0.999866
226	11	0.999868
227	16	0.999871
228	6	0.999873
229	15	0.999875
230	7	0.999877
231	6	0.999878
232	7	0.999879
233	9	0.999881
234	7	0.999882
235	15	0.999885
236	18	0.999888
237	7	0.99989
238	4	0.99989
239	13	0.999893
240	13	0.999895
241	11	0.999897
242	12	0.999899
243	17	0.999903
244	13	0.999905
245	4	0.999906
246	8	0.999907
247	15	0.99991
248	11	0.999912
249	17	0.999915
250	17	0.999918
251	13	0.999921
252	16	0.999924
253	8	0.999925
254	11	0.999927
255	14	0.99993
256	16	0.999933
257	7	0.999934
258	17	0.999938
259	11	0.99994
260	17	0.999943
261	7	0.999944
262	9	0.999946
263	9	0.999947
264	8	0.999949
265	13	0.999951
266	12	0.999954
267	9	0.999955
268	7	0.999957
269	7	0.999958
270	6	0.999959
271	3	0.99996
273	3	0.99996
274	2	0.99996
275	1	0.999961
276	1	0.999961
277	2	0.999961
278	1	0.999961
279	1	0.999962
280	3	0.999962
281	5	0.999963
283	2	0.999963
284	1	0.999964
285	2	0.999964
286	3	0.999965
287	1	0.999965
288	1	0.999965
289	2	0.999965
290	1	0.999965
292	1	0.999966
293	2	0.999966
294	2	0.999966
295	2	0.999967
296	2	0.999967
297	1	0.999967
298	4	0.999968
299	1	0.999968
300	1	0.999968
301	1	0.999969
302	1	0.999969
303	1	0.999969
304	2	0.999969
305	2	0.99997
307	1	0.99997
308	2	0.99997
309	1	0.999971
311	1	0.999971
313	1	0.999971
315	1	0.999971
316	2	0.999971
317	1	0.999972
318	3	0.999972
319	1	0.999972
320	1	0.999973
321	2	0.999973
322	1	0.999973
324	2	0.999974
327	1	0.999974
328	1	0.999974
330	1	0.999974
331	3	0.999975
333	1	0.999975
335	2	0.999975
336	1	0.999975
337	1	0.999976
338	1	0.999976
339	2	0.999976
340	2	0.999976
341	1	0.999977
343	1	0.999977
344	1	0.999977
345	3	0.999978
346	1	0.999978
347	1	0.999978
348	1	0.999978
350	1	0.999978
351	3	0.999979
354	2	0.999979
356	1	0.999979
358	2	0.99998
359	1	0.99998
360	1	0.99998
361	3	0.999981
363	2	0.999981
366	1	0.999981
369	2	0.999982
371	1	0.999982
372	1	0.999982
379	1	0.999982
382	1	0.999982
383	1	0.999983
386	2	0.999983
388	1	0.999983
394	2	0.999984
395	2	0.999984
397	1	0.999984
400	1	0.999984
401	1	0.999985
402	1	0.999985
405	1	0.999985
407	1	0.999985
408	1	0.999985
409	1	0.999985
411	1	0.999986
422	1	0.999986
424	1	0.999986
426	1	0.999986
427	1	0.999986
429	2	0.999987
435	1	0.999987
437	1	0.999987
440	1	0.999987
442	1	0.999988
446	1	0.999988
447	1	0.999988
452	1	0.999988
454	2	0.999988
457	1	0.999989
461	3	0.999989
463	1	0.999989
472	1	0.99999
479	1	0.99999
485	1	0.99999
488	1	0.99999
489	1	0.99999
496	1	0.99999
507	1	0.999991
509	1	0.999991
511	1	0.999991
517	1	0.999991
523	1	0.999991
528	1	0.999992
530	1	0.999992
535	1	0.999992
539	1	0.999992
555	1	0.999992
573	1	0.999993
582	1	0.999993
586	1	0.999993
587	1	0.999993
606	1	0.999993
636	1	0.999993
668	1	0.999994
676	1	0.999994
677	1	0.999994
686	1	0.999994
705	1	0.999994
726	1	0.999995
740	1	0.999995
748	1	0.999995
751	1	0.999995
759	1	0.999995
779	1	0.999996
800	1	0.999996
838	1	0.999996
845	1	0.999996
855	1	0.999996
861	1	0.999996
980	1	0.999997
1008	1	0.999997
1012	1	0.999997
1015	1	0.999997
1016	1	0.999997
1020	1	0.999998
1035	1	0.999998
1052	1	0.999998
1057	1	0.999998
1071	1	0.999998
1419	1	0.999999
1644	1	0.999999
1977	1	0.999999
1995	1	0.999999
2063	1	0.999999
2158	1	0.999999
2220	1	1
2249	1	1
6636	1	1
