#vector_size	count	cdf
1	887701	0.758952
2	133394	0.872999
3	48552	0.91451
4	25997	0.936736
5	14898	0.949473
6	10606	0.958541
7	6981	0.96451
8	5294	0.969036
9	3914	0.972382
10	3366	0.97526
11	2646	0.977522
12	2251	0.979447
13	1729	0.980925
14	1565	0.982263
15	1399	0.983459
16	1218	0.9845
17	1051	0.985399
18	910	0.986177
19	799	0.98686
20	752	0.987503
21	699	0.988101
22	661	0.988666
23	570	0.989153
24	592	0.989659
25	505	0.990091
26	468	0.990491
27	471	0.990894
28	413	0.991247
29	401	0.99159
30	374	0.991909
31	344	0.992204
32	330	0.992486
33	293	0.992736
34	275	0.992971
35	266	0.993199
36	224	0.99339
37	209	0.993569
38	248	0.993781
39	194	0.993947
40	167	0.99409
41	195	0.994256
42	161	0.994394
43	146	0.994519
44	126	0.994627
45	134	0.994741
46	138	0.994859
47	129	0.994969
48	122	0.995074
49	107	0.995165
50	122	0.995269
51	108	0.995362
52	104	0.995451
53	87	0.995525
54	102	0.995612
55	104	0.995701
56	83	0.995772
57	99	0.995857
58	110	0.995951
59	99	0.996036
60	88	0.996111
61	76	0.996176
62	68	0.996234
63	85	0.996307
64	85	0.996379
65	71	0.99644
66	70	0.9965
67	74	0.996563
68	80	0.996631
69	71	0.996692
70	76	0.996757
71	64	0.996812
72	66	0.996868
73	53	0.996914
74	59	0.996964
75	55	0.997011
76	73	0.997073
77	60	0.997125
78	53	0.99717
79	44	0.997208
80	55	0.997255
81	55	0.997302
82	40	0.997336
83	49	0.997378
84	46	0.997417
85	55	0.997464
86	54	0.99751
87	35	0.99754
88	42	0.997576
89	34	0.997605
90	37	0.997637
91	53	0.997682
92	40	0.997716
93	28	0.99774
94	32	0.997768
95	35	0.997798
96	34	0.997827
97	32	0.997854
98	33	0.997882
99	25	0.997904
100	28	0.997928
101	29	0.997952
102	35	0.997982
103	28	0.998006
104	23	0.998026
105	25	0.998047
106	19	0.998064
107	27	0.998087
108	21	0.998105
109	15	0.998117
110	15	0.99813
111	18	0.998146
112	27	0.998169
113	18	0.998184
114	21	0.998202
115	24	0.998223
116	22	0.998241
117	10	0.99825
118	26	0.998272
119	22	0.998291
120	22	0.99831
121	21	0.998328
122	14	0.99834
123	22	0.998358
124	19	0.998375
125	14	0.998387
126	19	0.998403
127	8	0.99841
128	7	0.998416
129	21	0.998434
130	12	0.998444
131	16	0.998458
132	12	0.998468
133	16	0.998482
134	11	0.998491
135	5	0.998495
136	11	0.998505
137	15	0.998517
138	10	0.998526
139	10	0.998535
140	8	0.998541
141	14	0.998553
142	6	0.998559
143	14	0.998571
144	11	0.99858
145	12	0.99859
146	14	0.998602
147	7	0.998608
148	9	0.998616
149	10	0.998624
150	11	0.998634
151	13	0.998645
152	10	0.998653
153	7	0.998659
154	11	0.998669
155	13	0.99868
156	12	0.99869
157	9	0.998698
158	8	0.998705
159	10	0.998713
160	9	0.998721
161	6	0.998726
162	9	0.998734
163	8	0.998741
164	8	0.998747
165	7	0.998753
166	12	0.998764
167	9	0.998771
168	9	0.998779
169	10	0.998788
170	10	0.998796
171	7	0.998802
172	7	0.998808
173	5	0.998812
174	4	0.998816
175	6	0.998821
176	4	0.998824
177	8	0.998831
178	5	0.998836
179	9	0.998843
180	16	0.998857
181	13	0.998868
182	7	0.998874
183	11	0.998883
184	4	0.998887
185	10	0.998895
186	5	0.9989
187	4	0.998903
188	4	0.998907
189	5	0.998911
190	10	0.998919
191	7	0.998925
192	6	0.99893
193	12	0.998941
194	7	0.998947
195	3	0.998949
196	7	0.998955
197	9	0.998963
198	7	0.998969
199	9	0.998977
200	3	0.998979
201	8	0.998986
202	5	0.99899
203	11	0.999
204	4	0.999003
205	4	0.999007
206	2	0.999008
207	6	0.999013
208	9	0.999021
209	3	0.999024
210	4	0.999027
211	5	0.999031
212	3	0.999034
213	2	0.999036
214	4	0.999039
215	3	0.999042
216	5	0.999046
217	8	0.999053
218	4	0.999056
219	8	0.999063
220	4	0.999066
221	5	0.999071
222	4	0.999074
223	6	0.999079
224	5	0.999083
225	7	0.999089
226	5	0.999094
227	4	0.999097
228	3	0.9991
229	3	0.999102
230	4	0.999106
231	8	0.999113
232	1	0.999113
233	6	0.999119
234	7	0.999125
235	6	0.99913
236	3	0.999132
237	4	0.999136
238	2	0.999137
239	7	0.999143
240	7	0.999149
241	3	0.999152
242	6	0.999157
243	4	0.99916
244	4	0.999164
245	6	0.999169
246	6	0.999174
247	1	0.999175
248	2	0.999177
249	4	0.99918
250	2	0.999182
251	8	0.999189
252	4	0.999192
253	2	0.999194
254	3	0.999196
255	3	0.999199
256	3	0.999201
257	4	0.999205
258	5	0.999209
259	3	0.999212
260	4	0.999215
261	2	0.999217
262	3	0.999219
263	3	0.999222
264	5	0.999226
266	6	0.999231
268	1	0.999232
269	4	0.999236
270	5	0.99924
271	2	0.999242
272	1	0.999243
273	2	0.999244
274	2	0.999246
275	1	0.999247
276	4	0.99925
277	4	0.999254
278	3	0.999256
279	3	0.999259
280	1	0.99926
281	4	0.999263
282	1	0.999264
283	3	0.999266
284	1	0.999267
285	5	0.999272
286	1	0.999272
287	2	0.999274
288	3	0.999277
289	1	0.999278
290	4	0.999281
291	3	0.999284
292	3	0.999286
293	1	0.999287
294	4	0.99929
296	4	0.999294
297	3	0.999296
298	1	0.999297
299	6	0.999302
300	1	0.999303
301	2	0.999305
302	1	0.999306
303	4	0.999309
304	2	0.999311
305	6	0.999316
306	1	0.999317
307	4	0.99932
308	5	0.999325
309	3	0.999327
310	4	0.999331
311	3	0.999333
312	2	0.999335
313	3	0.999337
314	2	0.999339
315	2	0.999341
316	1	0.999342
317	3	0.999344
318	6	0.999349
320	3	0.999352
321	2	0.999354
322	1	0.999355
323	2	0.999356
324	3	0.999359
325	5	0.999363
327	1	0.999364
328	1	0.999365
329	2	0.999366
330	2	0.999368
331	1	0.999369
332	3	0.999372
333	1	0.999372
334	2	0.999374
335	3	0.999377
336	1	0.999378
337	3	0.99938
338	2	0.999382
339	2	0.999384
340	5	0.999388
341	3	0.99939
342	3	0.999393
343	1	0.999394
344	3	0.999396
345	1	0.999397
346	1	0.999398
348	3	0.999401
349	5	0.999405
351	3	0.999408
352	1	0.999408
353	3	0.999411
354	1	0.999412
355	1	0.999413
356	2	0.999414
357	2	0.999416
358	1	0.999417
359	3	0.999419
360	6	0.999425
361	1	0.999425
362	1	0.999426
363	2	0.999428
364	3	0.999431
365	2	0.999432
366	3	0.999435
367	3	0.999437
368	1	0.999438
369	2	0.99944
371	2	0.999442
373	2	0.999443
375	2	0.999445
378	1	0.999446
379	1	0.999447
380	1	0.999448
381	3	0.99945
383	2	0.999452
384	2	0.999454
386	4	0.999457
387	1	0.999458
389	1	0.999459
393	3	0.999461
394	2	0.999463
395	1	0.999464
396	2	0.999466
397	3	0.999468
400	5	0.999472
403	2	0.999474
404	1	0.999475
405	2	0.999477
406	1	0.999478
409	2	0.999479
410	2	0.999481
411	1	0.999482
412	1	0.999483
413	1	0.999484
415	3	0.999486
416	2	0.999488
417	1	0.999489
418	3	0.999491
420	2	0.999493
421	1	0.999494
422	3	0.999496
423	2	0.999498
424	1	0.999499
425	2	0.999501
426	1	0.999502
427	1	0.999502
428	4	0.999506
429	1	0.999507
431	1	0.999508
432	1	0.999508
434	1	0.999509
436	1	0.99951
437	1	0.999511
438	1	0.999512
439	1	0.999513
441	2	0.999514
442	3	0.999517
443	2	0.999519
444	1	0.99952
445	4	0.999523
448	2	0.999525
449	1	0.999525
452	3	0.999528
454	1	0.999529
455	2	0.999531
456	3	0.999533
460	1	0.999534
463	1	0.999535
464	2	0.999537
465	2	0.999538
467	1	0.999539
468	1	0.99954
469	1	0.999541
470	1	0.999542
471	2	0.999543
472	1	0.999544
475	2	0.999546
477	1	0.999547
478	2	0.999549
479	3	0.999551
480	1	0.999552
481	1	0.999553
482	1	0.999554
483	3	0.999556
484	2	0.999558
485	2	0.99956
486	1	0.999561
487	2	0.999562
488	4	0.999566
489	2	0.999567
490	1	0.999568
492	2	0.99957
493	1	0.999571
496	1	0.999572
497	3	0.999574
498	1	0.999575
499	1	0.999576
500	1	0.999577
501	1	0.999578
502	4	0.999581
503	1	0.999582
504	1	0.999583
505	1	0.999584
508	2	0.999585
509	1	0.999586
510	2	0.999588
512	1	0.999589
513	2	0.99959
514	1	0.999591
515	2	0.999593
516	1	0.999594
517	2	0.999596
518	1	0.999596
519	2	0.999598
520	2	0.9996
521	1	0.999601
522	2	0.999602
523	3	0.999605
526	1	0.999606
527	1	0.999607
529	1	0.999608
531	1	0.999608
532	2	0.99961
533	1	0.999611
536	2	0.999613
537	1	0.999614
539	1	0.999614
540	1	0.999615
543	3	0.999618
544	1	0.999619
546	3	0.999621
547	1	0.999622
548	1	0.999623
550	1	0.999624
552	1	0.999625
553	3	0.999627
554	1	0.999628
558	1	0.999629
559	3	0.999632
561	1	0.999632
562	1	0.999633
563	2	0.999635
564	1	0.999636
567	1	0.999637
568	2	0.999638
569	1	0.999639
570	3	0.999642
571	1	0.999643
572	1	0.999643
575	1	0.999644
577	1	0.999645
578	1	0.999646
579	1	0.999647
580	1	0.999648
581	2	0.999649
584	1	0.99965
585	2	0.999652
594	3	0.999655
595	1	0.999655
596	1	0.999656
597	2	0.999658
598	1	0.999659
599	1	0.99966
601	2	0.999661
603	1	0.999662
604	1	0.999663
605	1	0.999664
607	1	0.999665
608	1	0.999666
610	1	0.999667
611	1	0.999667
613	1	0.999668
614	1	0.999669
615	1	0.99967
616	2	0.999672
617	1	0.999673
621	1	0.999673
622	2	0.999675
623	1	0.999676
625	1	0.999677
626	1	0.999678
630	2	0.999679
631	1	0.99968
632	1	0.999681
633	1	0.999682
635	1	0.999683
638	1	0.999684
642	1	0.999685
643	1	0.999685
644	2	0.999687
646	1	0.999688
647	2	0.99969
648	1	0.999691
650	2	0.999692
651	1	0.999693
653	1	0.999694
654	1	0.999695
658	1	0.999696
660	1	0.999696
661	2	0.999698
663	1	0.999699
664	1	0.9997
665	3	0.999702
668	1	0.999703
669	1	0.999704
670	1	0.999705
672	3	0.999708
673	1	0.999708
677	1	0.999709
679	1	0.99971
682	1	0.999711
685	1	0.999712
687	1	0.999713
690	1	0.999714
693	3	0.999716
695	1	0.999717
704	1	0.999718
706	1	0.999719
709	1	0.99972
710	3	0.999722
715	2	0.999724
716	1	0.999725
720	1	0.999726
724	2	0.999727
725	1	0.999728
726	1	0.999729
727	1	0.99973
730	1	0.999731
731	1	0.999732
732	1	0.999732
736	1	0.999733
738	1	0.999734
739	1	0.999735
741	1	0.999736
742	1	0.999737
743	1	0.999738
745	1	0.999738
746	1	0.999739
748	2	0.999741
750	1	0.999742
757	2	0.999744
758	1	0.999744
759	1	0.999745
762	1	0.999746
769	1	0.999747
779	2	0.999749
780	1	0.999749
781	1	0.99975
786	1	0.999751
787	1	0.999752
791	1	0.999753
800	1	0.999754
801	1	0.999755
804	1	0.999755
814	1	0.999756
819	1	0.999757
822	2	0.999759
826	2	0.999761
830	1	0.999761
832	1	0.999762
833	1	0.999763
835	2	0.999765
838	1	0.999766
839	1	0.999767
843	1	0.999767
844	1	0.999768
846	1	0.999769
847	1	0.99977
848	2	0.999772
853	2	0.999773
855	1	0.999774
860	2	0.999776
864	1	0.999777
878	1	0.999778
879	1	0.999779
888	1	0.999779
889	2	0.999781
890	1	0.999782
893	1	0.999783
894	1	0.999784
901	1	0.999785
904	1	0.999785
909	1	0.999786
910	1	0.999787
914	1	0.999788
919	2	0.99979
922	1	0.999791
928	1	0.999791
930	1	0.999792
935	1	0.999793
936	1	0.999794
939	1	0.999795
940	1	0.999796
941	2	0.999797
944	1	0.999798
947	2	0.9998
953	1	0.999801
958	1	0.999802
960	1	0.999803
966	1	0.999803
974	1	0.999804
976	1	0.999805
986	1	0.999806
987	1	0.999807
991	1	0.999808
994	1	0.999808
997	1	0.999809
998	1	0.99981
1001	1	0.999811
1002	2	0.999813
1005	1	0.999814
1014	1	0.999814
1019	1	0.999815
1024	1	0.999816
1026	2	0.999818
1030	1	0.999819
1031	1	0.99982
1035	1	0.99982
1044	1	0.999821
1046	1	0.999822
1049	1	0.999823
1055	1	0.999824
1056	1	0.999825
1058	2	0.999826
1061	1	0.999827
1069	1	0.999828
1075	1	0.999829
1076	1	0.99983
1079	1	0.999831
1085	2	0.999832
1086	1	0.999833
1091	1	0.999834
1096	1	0.999835
1100	1	0.999836
1101	1	0.999837
1109	1	0.999838
1112	1	0.999838
1114	1	0.999839
1115	1	0.99984
1118	1	0.999841
1120	1	0.999842
1127	1	0.999843
1130	1	0.999844
1136	1	0.999844
1141	1	0.999845
1143	1	0.999846
1145	1	0.999847
1148	1	0.999848
1152	1	0.999849
1153	1	0.99985
1154	1	0.99985
1162	1	0.999851
1164	1	0.999852
1167	1	0.999853
1168	1	0.999854
1176	1	0.999855
1179	1	0.999856
1183	2	0.999857
1186	1	0.999858
1191	1	0.999859
1192	1	0.99986
1194	1	0.999861
1195	1	0.999861
1198	1	0.999862
1201	2	0.999864
1202	1	0.999865
1203	1	0.999866
1217	2	0.999867
1221	1	0.999868
1228	1	0.999869
1230	1	0.99987
1233	1	0.999871
1235	1	0.999872
1250	1	0.999873
1252	1	0.999873
1264	1	0.999874
1281	1	0.999875
1283	1	0.999876
1293	1	0.999877
1295	1	0.999878
1304	1	0.999879
1306	1	0.999879
1319	1	0.99988
1321	1	0.999881
1322	1	0.999882
1329	1	0.999883
1343	1	0.999884
1357	1	0.999885
1360	1	0.999885
1375	1	0.999886
1383	1	0.999887
1388	1	0.999888
1397	1	0.999889
1403	1	0.99989
1417	2	0.999891
1430	1	0.999892
1451	1	0.999893
1453	1	0.999894
1455	1	0.999895
1469	1	0.999896
1492	1	0.999897
1506	1	0.999897
1508	1	0.999898
1517	1	0.999899
1537	1	0.9999
1546	1	0.999901
1555	1	0.999902
1571	1	0.999903
1575	1	0.999903
1578	1	0.999904
1592	1	0.999905
1593	1	0.999906
1596	1	0.999907
1609	1	0.999908
1612	1	0.999909
1617	1	0.999909
1640	1	0.99991
1666	2	0.999912
1667	1	0.999913
1691	1	0.999914
1709	1	0.999915
1721	1	0.999915
1749	1	0.999916
1753	1	0.999917
1755	1	0.999918
1771	1	0.999919
1779	1	0.99992
1791	1	0.99992
1792	1	0.999921
1813	1	0.999922
1820	1	0.999923
1823	1	0.999924
1841	1	0.999925
1874	1	0.999926
1946	1	0.999926
1962	1	0.999927
1982	1	0.999928
1990	1	0.999929
1992	1	0.99993
1996	1	0.999931
1997	1	0.999932
1999	1	0.999932
2003	1	0.999933
2015	1	0.999934
2024	1	0.999935
2049	1	0.999936
2066	1	0.999937
2078	1	0.999938
2105	1	0.999938
2106	2	0.99994
2134	1	0.999941
2145	1	0.999942
2151	1	0.999943
2186	1	0.999944
2196	1	0.999944
2252	1	0.999945
2271	2	0.999947
2293	1	0.999948
2367	1	0.999949
2405	1	0.99995
2406	1	0.99995
2407	1	0.999951
2427	1	0.999952
2447	1	0.999953
2488	1	0.999954
2494	1	0.999955
2513	1	0.999956
2526	1	0.999956
2549	1	0.999957
2574	2	0.999959
2578	1	0.99996
2585	1	0.999961
2598	1	0.999962
2634	1	0.999962
2646	1	0.999963
2651	1	0.999964
2732	1	0.999965
2737	1	0.999966
2765	1	0.999967
2788	1	0.999968
2790	1	0.999968
2796	1	0.999969
2803	1	0.99997
2810	1	0.999971
2836	1	0.999972
2846	1	0.999973
2850	1	0.999973
2941	1	0.999974
2975	1	0.999975
3024	1	0.999976
3030	1	0.999977
3050	1	0.999978
3083	1	0.999979
3100	1	0.999979
3129	1	0.99998
3144	1	0.999981
3153	1	0.999982
3208	1	0.999983
3218	1	0.999984
3409	1	0.999985
3649	1	0.999985
3771	1	0.999986
3843	1	0.999987
3867	1	0.999988
3868	1	0.999989
3905	1	0.99999
4095	1	0.999991
4116	1	0.999991
4122	1	0.999992
4233	1	0.999993
4379	1	0.999994
4483	1	0.999995
4762	1	0.999996
4922	1	0.999997
5017	1	0.999997
5212	1	0.999998
5523	1	0.999999
5661	1	1
