#reverse_pos	count	cdf
0	334074	0.491996
1	158151	0.724907
2	47856	0.795385
3	43618	0.859622
4	18820	0.887339
5	21342	0.918769
6	10498	0.93423
7	11329	0.950914
8	3591	0.956203
9	3745	0.961718
10	2522	0.965432
11	3227	0.970185
12	1467	0.972345
13	1727	0.974889
14	1454	0.97703
15	1437	0.979146
16	777	0.980291
17	825	0.981506
18	697	0.982532
19	766	0.98366
20	414	0.98427
21	429	0.984902
22	472	0.985597
23	526	0.986371
24	326	0.986852
25	374	0.987402
26	293	0.987834
27	291	0.988262
28	303	0.988709
29	278	0.989118
30	249	0.989485
31	286	0.989906
32	230	0.990245
33	230	0.990583
34	185	0.990856
35	186	0.99113
36	183	0.991399
37	203	0.991698
38	208	0.992005
39	220	0.992329
40	239	0.992681
41	166	0.992925
42	131	0.993118
43	115	0.993287
44	93	0.993424
45	143	0.993635
46	140	0.993841
47	163	0.994081
48	95	0.994221
49	99	0.994367
50	59	0.994454
51	62	0.994545
52	67	0.994644
53	85	0.994769
54	106	0.994925
55	74	0.995034
56	97	0.995177
57	97	0.99532
58	75	0.99543
59	102	0.99558
60	66	0.995678
61	44	0.995742
62	52	0.995819
63	37	0.995873
64	49	0.995946
65	68	0.996046
66	64	0.99614
67	48	0.996211
68	54	0.99629
69	50	0.996364
70	47	0.996433
71	51	0.996508
72	26	0.996546
73	43	0.99661
74	31	0.996655
75	34	0.996706
76	33	0.996754
77	52	0.996831
78	32	0.996878
79	29	0.996921
80	42	0.996982
81	31	0.997028
82	36	0.997081
83	26	0.997119
84	26	0.997158
85	23	0.997192
86	34	0.997242
87	27	0.997281
88	28	0.997323
89	28	0.997364
90	33	0.997412
91	16	0.997436
92	19	0.997464
93	33	0.997513
94	18	0.997539
95	30	0.997583
96	13	0.997602
97	17	0.997627
98	10	0.997642
99	12	0.99766
100	8	0.997672
101	8	0.997683
102	9	0.997697
103	9	0.99771
104	13	0.997729
105	14	0.99775
106	9	0.997763
107	8	0.997775
108	28	0.997816
109	15	0.997838
110	15	0.99786
111	8	0.997872
112	24	0.997907
113	25	0.997944
114	17	0.997969
115	15	0.997991
116	26	0.99803
117	22	0.998062
118	18	0.998088
119	23	0.998122
120	19	0.99815
121	15	0.998172
122	20	0.998202
123	16	0.998225
124	16	0.998249
125	15	0.998271
126	10	0.998286
127	9	0.998299
128	7	0.998309
129	15	0.998331
130	6	0.99834
131	8	0.998352
132	10	0.998367
133	7	0.998377
134	11	0.998393
135	11	0.998409
136	6	0.998418
137	12	0.998436
138	11	0.998452
139	12	0.99847
140	11	0.998486
141	13	0.998505
142	9	0.998518
143	5	0.998526
144	16	0.998549
145	10	0.998564
146	5	0.998571
147	6	0.99858
148	17	0.998605
149	14	0.998626
150	2	0.998629
151	6	0.998638
152	7	0.998648
153	8	0.99866
154	8	0.998672
155	7	0.998682
156	7	0.998692
157	10	0.998707
158	4	0.998713
159	8	0.998725
160	8	0.998736
161	8	0.998748
162	5	0.998756
163	10	0.99877
164	4	0.998776
165	8	0.998788
166	3	0.998792
167	7	0.998803
168	8	0.998814
169	7	0.998825
170	5	0.998832
171	3	0.998837
172	9	0.99885
173	1	0.998851
174	3	0.998856
175	9	0.998869
176	4	0.998875
177	9	0.998888
178	10	0.998903
179	7	0.998913
181	7	0.998923
182	13	0.998943
183	3	0.998947
184	4	0.998953
185	1	0.998954
186	6	0.998963
187	4	0.998969
188	2	0.998972
189	6	0.998981
190	7	0.998991
191	3	0.998996
192	6	0.999004
193	6	0.999013
194	7	0.999024
195	6	0.999032
196	3	0.999037
197	1	0.999038
198	7	0.999049
199	5	0.999056
201	5	0.999063
202	4	0.999069
203	3	0.999074
204	3	0.999078
205	5	0.999085
206	1	0.999087
208	6	0.999096
209	1	0.999097
210	1	0.999099
211	2	0.999102
212	3	0.999106
213	5	0.999113
214	3	0.999118
215	2	0.999121
216	3	0.999125
217	2	0.999128
218	4	0.999134
219	8	0.999146
220	4	0.999152
221	3	0.999156
222	3	0.999161
224	1	0.999162
225	12	0.99918
227	2	0.999183
228	4	0.999189
229	5	0.999196
230	3	0.9992
231	4	0.999206
233	2	0.999209
234	2	0.999212
235	7	0.999222
236	3	0.999227
237	7	0.999237
238	7	0.999247
239	2	0.99925
240	1	0.999252
241	9	0.999265
242	1	0.999267
243	4	0.999272
244	2	0.999275
245	2	0.999278
246	1	0.99928
247	3	0.999284
249	4	0.99929
251	1	0.999292
252	2	0.999295
253	6	0.999303
254	4	0.999309
255	1	0.999311
256	1	0.999312
258	4	0.999318
259	10	0.999333
260	4	0.999339
261	6	0.999348
262	3	0.999352
263	3	0.999356
264	2	0.999359
265	2	0.999362
266	1	0.999364
267	2	0.999367
268	2	0.99937
269	1	0.999371
270	2	0.999374
271	2	0.999377
272	2	0.99938
273	1	0.999381
274	5	0.999389
275	2	0.999392
276	1	0.999393
277	3	0.999398
279	1	0.999399
281	4	0.999405
282	2	0.999408
283	3	0.999412
284	4	0.999418
285	7	0.999429
286	7	0.999439
287	3	0.999443
288	2	0.999446
289	2	0.999449
291	1	0.999451
292	7	0.999461
293	2	0.999464
295	6	0.999473
296	2	0.999476
297	2	0.999479
299	3	0.999483
300	2	0.999486
302	3	0.99949
303	8	0.999502
305	1	0.999504
306	1	0.999505
308	3	0.99951
309	2	0.999513
312	1	0.999514
313	3	0.999518
314	1	0.99952
315	3	0.999524
316	2	0.999527
317	1	0.999529
318	1	0.99953
319	1	0.999532
320	1	0.999533
321	1	0.999535
323	2	0.999538
324	2	0.999541
325	1	0.999542
326	1	0.999543
327	3	0.999548
328	5	0.999555
329	1	0.999557
330	2	0.99956
331	1	0.999561
332	1	0.999563
333	1	0.999564
335	2	0.999567
336	1	0.999568
337	6	0.999577
338	1	0.999579
341	2	0.999582
342	1	0.999583
343	1	0.999585
345	2	0.999588
346	1	0.999589
348	4	0.999595
350	1	0.999596
351	1	0.999598
353	1	0.999599
355	2	0.999602
356	1	0.999604
357	2	0.999607
358	1	0.999608
360	2	0.999611
361	1	0.999613
362	1	0.999614
366	1	0.999616
367	5	0.999623
369	1	0.999624
370	1	0.999626
373	3	0.99963
374	1	0.999632
375	3	0.999636
376	1	0.999638
380	1	0.999639
381	6	0.999648
385	1	0.999649
392	9	0.999663
393	1	0.999664
394	1	0.999666
395	2	0.999669
396	2	0.999672
397	1	0.999673
398	2	0.999676
399	3	0.99968
401	1	0.999682
402	1	0.999683
404	1	0.999685
406	2	0.999688
407	1	0.999689
409	5	0.999697
410	4	0.999703
412	1	0.999704
413	1	0.999705
417	3	0.99971
418	1	0.999711
419	1	0.999713
424	1	0.999714
426	2	0.999717
433	1	0.999719
434	4	0.999725
435	1	0.999726
436	1	0.999728
437	1	0.999729
440	2	0.999732
441	2	0.999735
445	1	0.999736
446	3	0.999741
448	1	0.999742
449	1	0.999744
452	2	0.999747
453	1	0.999748
455	2	0.999751
457	1	0.999753
459	2	0.999756
461	4	0.999761
462	1	0.999763
467	1	0.999764
469	1	0.999766
470	5	0.999773
472	1	0.999775
473	1	0.999776
477	1	0.999778
480	2	0.999781
494	1	0.999782
501	1	0.999784
505	1	0.999785
506	1	0.999786
511	1	0.999788
513	1	0.999789
520	1	0.999791
522	1	0.999792
523	1	0.999794
524	1	0.999795
535	2	0.999798
536	1	0.9998
539	8	0.999811
546	1	0.999813
553	1	0.999814
556	1	0.999816
567	1	0.999817
569	1	0.999819
570	1	0.99982
571	1	0.999822
573	1	0.999823
574	1	0.999825
577	1	0.999826
578	1	0.999828
580	1	0.999829
582	2	0.999832
583	3	0.999837
585	1	0.999838
587	1	0.999839
602	1	0.999841
604	1	0.999842
605	1	0.999844
607	1	0.999845
608	2	0.999848
609	1	0.99985
611	1	0.999851
613	1	0.999853
616	1	0.999854
625	1	0.999856
626	1	0.999857
629	1	0.999859
631	1	0.99986
638	1	0.999862
642	1	0.999863
643	1	0.999865
648	1	0.999866
652	1	0.999867
658	1	0.999869
665	1	0.99987
666	2	0.999873
684	1	0.999875
685	1	0.999876
687	1	0.999878
689	2	0.999881
692	1	0.999882
693	1	0.999884
699	1	0.999885
701	1	0.999887
703	1	0.999888
719	1	0.99989
720	1	0.999891
731	2	0.999894
737	1	0.999895
744	1	0.999897
746	1	0.999898
752	2	0.999901
753	1	0.999903
761	1	0.999904
775	1	0.999906
776	1	0.999907
782	1	0.999909
785	1	0.99991
808	1	0.999912
812	1	0.999913
813	1	0.999915
819	1	0.999916
833	1	0.999918
847	1	0.999919
852	1	0.99992
853	1	0.999922
861	1	0.999923
870	1	0.999925
884	1	0.999926
887	1	0.999928
889	1	0.999929
891	1	0.999931
893	1	0.999932
896	2	0.999935
897	1	0.999937
925	1	0.999938
930	1	0.99994
941	1	0.999941
951	1	0.999943
954	2	0.999946
964	1	0.999947
975	1	0.999948
986	1	0.99995
993	1	0.999951
999	1	0.999953
1022	1	0.999954
1034	1	0.999956
1061	1	0.999957
1066	1	0.999959
1087	1	0.99996
1088	1	0.999962
1098	1	0.999963
1103	1	0.999965
1135	1	0.999966
1156	1	0.999968
1235	1	0.999969
1270	1	0.999971
1284	1	0.999972
1304	1	0.999973
1313	1	0.999975
1336	1	0.999976
1371	1	0.999978
1375	1	0.999979
1387	1	0.999981
1388	1	0.999982
1407	1	0.999984
1473	1	0.999985
1481	1	0.999987
1536	1	0.999988
1562	1	0.99999
1629	1	0.999991
1683	1	0.999993
1690	1	0.999994
1694	1	0.999996
1714	1	0.999997
1721	1	0.999999
1919	1	1
