#reverse_pos	count	cdf
0	3902127	0.390995
1	1823152	0.573676
2	897947	0.66365
3	526031	0.716359
4	490291	0.765486
5	414972	0.807067
6	189000	0.826005
7	236203	0.849672
8	171924	0.866899
9	45352	0.871443
10	61476	0.877603
11	62906	0.883906
12	48202	0.888736
13	66954	0.895445
14	80917	0.903553
15	83978	0.911968
16	86944	0.92068
17	53924	0.926083
18	47355	0.930828
19	43644	0.935201
20	43098	0.939519
21	44104	0.943939
22	43866	0.948334
23	51365	0.953481
24	38393	0.957328
25	30717	0.960406
26	21761	0.962586
27	18037	0.964393
28	18323	0.966229
29	21762	0.96841
30	20327	0.970447
31	20184	0.972469
32	22755	0.974749
33	16511	0.976404
34	13925	0.977799
35	16522	0.979454
36	17720	0.98123
37	14120	0.982645
38	12470	0.983894
39	12005	0.985097
40	13934	0.986493
41	12875	0.987783
42	7263	0.988511
43	8118	0.989325
44	8545	0.990181
45	7390	0.990921
46	7905	0.991713
47	7176	0.992432
48	8311	0.993265
49	8433	0.99411
50	6569	0.994768
51	4543	0.995224
52	3283	0.995553
53	3171	0.99587
54	2311	0.996102
55	2613	0.996364
56	2734	0.996638
57	2865	0.996925
58	2193	0.997144
59	1019	0.997247
60	1017	0.997348
61	1210	0.99747
62	1344	0.997604
63	1574	0.997762
64	1811	0.997944
65	1891	0.998133
66	1745	0.998308
67	1234	0.998432
68	487	0.99848
69	431	0.998524
70	459	0.99857
71	534	0.998623
72	514	0.998675
73	475	0.998722
74	493	0.998772
75	350	0.998807
76	308	0.998837
77	355	0.998873
78	354	0.998909
79	332	0.998942
80	391	0.998981
81	399	0.999021
82	381	0.999059
83	371	0.999096
84	206	0.999117
85	158	0.999133
86	149	0.999148
87	188	0.999167
88	187	0.999185
89	163	0.999202
90	151	0.999217
91	148	0.999232
92	131	0.999245
93	169	0.999262
94	152	0.999277
95	150	0.999292
96	142	0.999306
97	166	0.999323
98	143	0.999337
99	171	0.999354
100	107	0.999365
101	130	0.999378
102	62	0.999384
103	103	0.999394
104	98	0.999404
105	92	0.999414
106	80	0.999422
107	72	0.999429
108	93	0.999438
109	90	0.999447
110	73	0.999454
111	77	0.999462
112	59	0.999468
113	73	0.999475
114	69	0.999482
115	72	0.999489
116	51	0.999495
117	75	0.999502
118	57	0.999508
119	59	0.999514
120	68	0.999521
121	54	0.999526
122	57	0.999532
123	60	0.999538
124	73	0.999545
125	44	0.999549
126	60	0.999555
127	43	0.99956
128	56	0.999565
129	35	0.999569
130	50	0.999574
131	79	0.999582
132	61	0.999588
133	48	0.999593
134	40	0.999597
135	60	0.999603
136	61	0.999609
137	50	0.999614
138	48	0.999619
139	26	0.999621
140	52	0.999626
141	28	0.999629
142	35	0.999633
143	25	0.999635
144	34	0.999639
145	37	0.999642
146	46	0.999647
147	46	0.999652
148	56	0.999657
149	35	0.999661
150	33	0.999664
151	39	0.999668
152	27	0.999671
153	34	0.999674
154	29	0.999677
155	44	0.999681
156	26	0.999684
157	22	0.999686
158	22	0.999688
159	35	0.999692
160	14	0.999693
161	28	0.999696
162	28	0.999699
163	27	0.999702
164	12	0.999703
165	38	0.999707
166	27	0.999709
167	15	0.999711
168	21	0.999713
169	14	0.999714
170	35	0.999718
171	7	0.999719
172	10	0.99972
173	16	0.999721
174	30	0.999724
175	17	0.999726
176	7	0.999727
177	11	0.999728
178	21	0.99973
179	17	0.999731
180	13	0.999733
181	7	0.999733
182	27	0.999736
183	16	0.999738
184	12	0.999739
185	7	0.99974
186	21	0.999742
187	18	0.999744
188	3	0.999744
189	7	0.999745
190	12	0.999746
191	9	0.999747
192	7	0.999747
193	19	0.999749
194	9	0.99975
195	13	0.999752
196	9	0.999752
197	9	0.999753
198	1	0.999753
199	14	0.999755
200	27	0.999758
201	22	0.99976
202	7	0.99976
203	14	0.999762
204	14	0.999763
205	7	0.999764
206	17	0.999766
207	25	0.999768
208	18	0.99977
209	12	0.999771
210	19	0.999773
211	6	0.999774
212	5	0.999774
213	9	0.999775
214	20	0.999777
215	6	0.999778
216	19	0.99978
217	8	0.99978
218	10	0.999781
219	9	0.999782
220	9	0.999783
221	7	0.999784
222	6	0.999784
223	7	0.999785
224	10	0.999786
225	9	0.999787
226	25	0.99979
227	13	0.999791
228	8	0.999792
229	12	0.999793
230	7	0.999794
231	3	0.999794
232	8	0.999795
233	6	0.999795
234	23	0.999798
235	13	0.999799
236	24	0.999801
237	11	0.999802
238	6	0.999803
239	8	0.999804
240	7	0.999805
241	8	0.999805
242	7	0.999806
243	7	0.999807
244	8	0.999808
245	28	0.99981
246	20	0.999812
247	17	0.999814
248	18	0.999816
249	9	0.999817
250	7	0.999817
251	31	0.999821
252	11	0.999822
253	8	0.999822
254	30	0.999825
255	19	0.999827
256	23	0.99983
257	15	0.999831
258	10	0.999832
259	11	0.999833
260	6	0.999834
261	8	0.999835
262	4	0.999835
263	7	0.999836
264	17	0.999837
265	20	0.999839
266	13	0.999841
267	2	0.999841
268	10	0.999842
269	5	0.999842
270	6	0.999843
271	2	0.999843
273	5	0.999844
274	3	0.999844
275	17	0.999846
276	15	0.999847
277	14	0.999849
278	12	0.99985
279	12	0.999851
280	4	0.999852
281	13	0.999853
282	14	0.999854
283	20	0.999856
284	21	0.999858
285	11	0.999859
286	15	0.999861
287	12	0.999862
288	15	0.999864
289	3	0.999864
290	6	0.999865
291	6	0.999865
292	8	0.999866
293	8	0.999867
294	26	0.999869
295	14	0.999871
296	1	0.999871
297	1	0.999871
298	4	0.999871
299	3	0.999872
300	8	0.999872
301	1	0.999873
302	2	0.999873
303	3	0.999873
304	1	0.999873
305	3	0.999873
307	5	0.999874
308	1	0.999874
309	1	0.999874
310	4	0.999875
311	3	0.999875
312	2	0.999875
313	11	0.999876
314	4	0.999877
315	4	0.999877
316	9	0.999878
317	8	0.999879
318	7	0.999879
319	3	0.99988
320	4	0.99988
321	3	0.99988
322	16	0.999882
323	3	0.999882
324	2	0.999882
325	1	0.999883
326	7	0.999883
327	10	0.999884
328	2	0.999884
329	4	0.999885
330	9	0.999886
331	3	0.999886
332	8	0.999887
333	23	0.999889
334	2	0.999889
335	12	0.999891
337	5	0.999891
338	2	0.999891
340	5	0.999892
341	2	0.999892
342	4	0.999892
344	7	0.999893
345	2	0.999893
346	1	0.999893
347	2	0.999894
349	6	0.999894
350	2	0.999894
351	6	0.999895
352	1	0.999895
353	4	0.999895
354	9	0.999896
355	4	0.999897
357	1	0.999897
358	2	0.999897
359	1	0.999897
360	7	0.999898
361	4	0.999898
362	7	0.999899
363	5	0.999899
364	13	0.999901
366	5	0.999901
367	1	0.999901
368	3	0.999902
370	1	0.999902
371	1	0.999902
372	3	0.999902
373	20	0.999904
374	14	0.999906
375	5	0.999906
376	19	0.999908
378	8	0.999909
379	11	0.99991
382	3	0.99991
384	1	0.99991
385	9	0.999911
386	14	0.999913
387	10	0.999914
388	8	0.999914
389	7	0.999915
390	6	0.999916
391	3	0.999916
392	1	0.999916
393	5	0.999917
395	3	0.999917
396	11	0.999918
397	4	0.999918
398	2	0.999919
399	2	0.999919
401	2	0.999919
403	1	0.999919
404	1	0.999919
407	1	0.999919
408	6	0.99992
409	4	0.99992
410	11	0.999921
411	8	0.999922
412	3	0.999923
413	11	0.999924
414	2	0.999924
415	2	0.999924
418	3	0.999924
419	2	0.999925
420	2	0.999925
421	3	0.999925
422	1	0.999925
423	2	0.999925
424	3	0.999926
426	10	0.999927
427	4	0.999927
428	2	0.999927
429	1	0.999927
431	3	0.999928
433	6	0.999928
434	7	0.999929
435	2	0.999929
437	1	0.999929
439	5	0.99993
440	7	0.99993
441	16	0.999932
442	7	0.999933
445	10	0.999934
446	1	0.999934
449	1	0.999934
450	1	0.999934
451	2	0.999934
452	11	0.999935
453	3	0.999936
454	1	0.999936
455	1	0.999936
457	1	0.999936
458	1	0.999936
459	3	0.999936
461	1	0.999936
462	1	0.999937
464	3	0.999937
465	1	0.999937
466	2	0.999937
469	1	0.999937
470	1	0.999937
472	5	0.999938
473	1	0.999938
474	2	0.999938
475	2	0.999938
476	2	0.999939
477	5	0.999939
478	1	0.999939
479	5	0.99994
480	1	0.99994
481	1	0.99994
482	3	0.99994
483	3	0.99994
484	5	0.999941
485	1	0.999941
486	2	0.999941
487	3	0.999942
488	9	0.999942
489	9	0.999943
492	2	0.999944
493	1	0.999944
495	1	0.999944
498	1	0.999944
499	3	0.999944
500	4	0.999945
501	5	0.999945
502	1	0.999945
503	4	0.999946
504	2	0.999946
506	1	0.999946
508	5	0.999946
509	11	0.999947
510	6	0.999948
511	3	0.999948
512	2	0.999949
514	2	0.999949
518	1	0.999949
519	2	0.999949
520	1	0.999949
525	6	0.99995
526	2	0.99995
527	4	0.99995
529	1	0.999951
538	1	0.999951
539	1	0.999951
542	2	0.999951
543	1	0.999951
544	1	0.999951
545	2	0.999951
547	1	0.999951
548	2	0.999952
550	9	0.999953
551	6	0.999953
552	2	0.999953
554	2	0.999954
555	6	0.999954
556	3	0.999954
560	1	0.999955
563	1	0.999955
564	5	0.999955
565	2	0.999955
566	3	0.999956
567	12	0.999957
568	4	0.999957
569	1	0.999957
570	3	0.999958
575	1	0.999958
577	1	0.999958
578	1	0.999958
580	2	0.999958
581	1	0.999958
583	1	0.999958
584	3	0.999959
585	8	0.999959
586	8	0.99996
587	1	0.99996
597	1	0.99996
598	1	0.999961
599	7	0.999961
600	4	0.999962
602	8	0.999962
603	1	0.999963
604	5	0.999963
606	1	0.999963
607	4	0.999964
612	2	0.999964
613	1	0.999964
615	4	0.999964
616	1	0.999964
623	5	0.999965
624	7	0.999966
627	2	0.999966
628	1	0.999966
629	1	0.999966
630	1	0.999966
631	3	0.999966
632	4	0.999967
647	9	0.999968
648	3	0.999968
649	2	0.999968
653	1	0.999968
655	1	0.999968
656	1	0.999968
658	1	0.999969
659	1	0.999969
660	1	0.999969
661	8	0.99997
662	1	0.99997
663	3	0.99997
664	7	0.999971
665	1	0.999971
666	3	0.999971
667	5	0.999972
668	2	0.999972
669	6	0.999972
670	12	0.999974
671	1	0.999974
678	1	0.999974
679	1	0.999974
682	5	0.999974
683	1	0.999974
684	4	0.999975
685	1	0.999975
692	1	0.999975
693	1	0.999975
694	1	0.999975
698	1	0.999975
699	1	0.999975
701	1	0.999976
702	1	0.999976
704	1	0.999976
713	1	0.999976
715	3	0.999976
718	1	0.999976
721	2	0.999976
722	5	0.999977
727	1	0.999977
739	5	0.999978
740	1	0.999978
742	1	0.999978
743	1	0.999978
747	6	0.999978
748	4	0.999979
749	1	0.999979
750	6	0.99998
752	8	0.99998
753	5	0.999981
754	1	0.999981
762	1	0.999981
764	2	0.999981
777	1	0.999981
778	1	0.999981
780	1	0.999982
788	1	0.999982
795	2	0.999982
796	1	0.999982
797	2	0.999982
799	1	0.999982
800	4	0.999983
805	1	0.999983
813	2	0.999983
814	4	0.999983
821	3	0.999984
822	2	0.999984
829	6	0.999984
830	1	0.999985
831	3	0.999985
832	1	0.999985
836	1	0.999985
837	1	0.999985
838	4	0.999986
839	4	0.999986
841	1	0.999986
845	1	0.999986
846	1	0.999986
853	1	0.999986
854	3	0.999987
870	1	0.999987
873	7	0.999987
874	5	0.999988
875	3	0.999988
876	1	0.999988
889	1	0.999988
899	3	0.999989
905	1	0.999989
913	1	0.999989
922	2	0.999989
923	2	0.999989
931	1	0.999989
936	2	0.99999
947	1	0.99999
954	5	0.99999
955	5	0.999991
956	1	0.999991
961	1	0.999991
963	1	0.999991
973	1	0.999991
981	1	0.999991
990	1	0.999991
994	1	0.999991
995	1	0.999992
997	1	0.999992
1000	1	0.999992
1032	1	0.999992
1036	1	0.999992
1056	1	0.999992
1059	1	0.999992
1080	1	0.999992
1084	1	0.999992
1092	2	0.999993
1106	4	0.999993
1107	1	0.999993
1108	3	0.999993
1115	2	0.999994
1117	1	0.999994
1134	1	0.999994
1135	1	0.999994
1155	2	0.999994
1157	1	0.999994
1175	1	0.999994
1197	1	0.999994
1201	1	0.999994
1203	1	0.999995
1215	1	0.999995
1220	1	0.999995
1221	1	0.999995
1227	1	0.999995
1234	3	0.999995
1235	1	0.999995
1237	1	0.999995
1263	1	0.999996
1271	1	0.999996
1286	1	0.999996
1309	1	0.999996
1327	1	0.999996
1329	1	0.999996
1345	1	0.999996
1353	1	0.999996
1372	1	0.999996
1382	2	0.999997
1390	1	0.999997
1404	1	0.999997
1429	1	0.999997
1477	1	0.999997
1500	2	0.999997
1501	1	0.999997
1568	1	0.999997
1592	1	0.999997
1597	1	0.999998
1617	1	0.999998
1709	1	0.999998
1768	1	0.999998
1780	1	0.999998
1781	1	0.999998
1896	1	0.999998
1912	1	0.999998
1926	1	0.999998
1965	1	0.999998
2014	1	0.999999
2019	1	0.999999
2152	1	0.999999
2238	1	0.999999
2404	1	0.999999
2405	1	0.999999
2436	1	0.999999
2522	2	0.999999
2801	1	0.999999
3291	1	1
3607	1	1
4018	1	1
4045	1	1
5271	1	1
