#reverse_pos	count	cdf
0	51943	0.245456
1	19473	0.337476
2	8839	0.379245
3	6291	0.408973
4	4388	0.429708
5	3660	0.447004
6	2879	0.460608
7	2431	0.472096
8	2036	0.481717
9	1865	0.49053
10	1671	0.498426
11	1451	0.505283
12	1285	0.511355
13	1095	0.51653
14	1075	0.52161
15	1005	0.526359
16	991	0.531042
17	940	0.535484
18	866	0.539576
19	756	0.543149
20	828	0.547061
21	712	0.550426
22	711	0.553786
23	820	0.557661
24	695	0.560945
25	670	0.564111
26	598	0.566937
27	563	0.569597
28	604	0.572451
29	579	0.575187
30	522	0.577654
31	497	0.580003
32	489	0.582313
33	433	0.58436
34	468	0.586571
35	465	0.588768
36	446	0.590876
37	465	0.593073
38	431	0.59511
39	380	0.596906
40	428	0.598928
41	457	0.601088
42	377	0.602869
43	357	0.604556
44	341	0.606168
45	402	0.608067
46	378	0.609854
47	317	0.611352
48	403	0.613256
49	370	0.615004
50	304	0.616441
51	382	0.618246
52	299	0.619659
53	309	0.621119
54	299	0.622532
55	296	0.623931
56	281	0.625259
57	270	0.626535
58	294	0.627924
59	326	0.629464
60	360	0.631166
61	325	0.632701
62	263	0.633944
63	255	0.635149
64	221	0.636194
65	257	0.637408
66	238	0.638533
67	237	0.639653
68	302	0.64108
69	246	0.642242
70	214	0.643253
71	220	0.644293
72	221	0.645337
73	189	0.64623
74	238	0.647355
75	199	0.648296
76	215	0.649311
77	181	0.650167
78	196	0.651093
79	197	0.652024
80	190	0.652922
81	278	0.654235
82	230	0.655322
83	275	0.656622
84	192	0.657529
85	156	0.658266
86	173	0.659084
87	214	0.660095
88	153	0.660818
89	184	0.661688
90	178	0.662529
91	192	0.663436
92	236	0.664551
93	201	0.665501
94	162	0.666267
95	212	0.667268
96	200	0.668213
97	254	0.669414
98	189	0.670307
99	197	0.671238
100	176	0.672069
101	145	0.672755
102	142	0.673426
103	156	0.674163
104	196	0.675089
105	188	0.675977
106	183	0.676842
107	147	0.677537
108	136	0.67818
109	138	0.678832
110	134	0.679465
111	106	0.679966
112	143	0.680642
113	130	0.681256
114	146	0.681946
115	163	0.682716
116	125	0.683307
117	145	0.683992
118	135	0.68463
119	132	0.685254
120	205	0.686222
121	126	0.686818
122	163	0.687588
123	160	0.688344
124	113	0.688878
125	99	0.689346
126	113	0.68988
127	132	0.690504
128	122	0.69108
129	127	0.69168
130	121	0.692252
131	119	0.692814
132	149	0.693519
133	123	0.6941
134	124	0.694686
135	147	0.69538
136	119	0.695943
137	106	0.696444
138	118	0.697001
139	123	0.697582
140	128	0.698187
141	104	0.698679
142	103	0.699165
143	105	0.699662
144	98	0.700125
145	93	0.700564
146	92	0.700999
147	85	0.701401
148	81	0.701783
149	88	0.702199
150	94	0.702643
151	103	0.70313
152	86	0.703537
153	104	0.704028
154	89	0.704449
155	88	0.704864
156	93	0.705304
157	90	0.705729
158	80	0.706107
159	88	0.706523
160	90	0.706948
161	93	0.707388
162	80	0.707766
163	92	0.708201
164	102	0.708683
165	119	0.709245
166	65	0.709552
167	85	0.709954
168	69	0.71028
169	79	0.710653
170	75	0.711008
171	92	0.711442
172	76	0.711801
173	73	0.712146
174	75	0.712501
175	73	0.712846
176	80	0.713224
177	73	0.713569
178	90	0.713994
179	83	0.714386
180	118	0.714944
181	60	0.715227
182	71	0.715563
183	78	0.715932
184	93	0.716371
185	141	0.717037
186	117	0.71759
187	90	0.718015
188	84	0.718412
189	157	0.719154
190	72	0.719495
191	55	0.719754
192	78	0.720123
193	89	0.720544
194	94	0.720988
195	66	0.7213
196	73	0.721645
197	118	0.722202
198	63	0.7225
199	59	0.722779
200	60	0.723062
201	49	0.723294
202	74	0.723644
203	79	0.724017
204	54	0.724272
205	65	0.724579
206	59	0.724858
207	46	0.725075
208	72	0.725416
209	79	0.725789
210	81	0.726172
211	88	0.726588
212	73	0.726932
213	72	0.727273
214	82	0.72766
215	89	0.728081
216	154	0.728809
217	102	0.729291
218	76	0.72965
219	92	0.730084
220	121	0.730656
221	69	0.730982
222	79	0.731356
223	68	0.731677
224	68	0.731998
225	70	0.732329
226	55	0.732589
227	52	0.732835
228	47	0.733057
229	52	0.733302
230	50	0.733539
231	41	0.733732
232	80	0.734111
233	60	0.734394
234	55	0.734654
235	50	0.73489
236	61	0.735178
237	69	0.735505
238	61	0.735793
239	60	0.736076
240	72	0.736417
241	65	0.736724
242	70	0.737055
243	86	0.737461
244	75	0.737815
245	56	0.73808
246	60	0.738363
247	58	0.738638
248	49	0.738869
249	50	0.739105
250	81	0.739488
251	71	0.739824
252	67	0.74014
253	63	0.740438
254	90	0.740863
255	127	0.741463
256	130	0.742078
257	87	0.742489
258	141	0.743155
259	91	0.743585
260	45	0.743798
261	61	0.744086
262	43	0.744289
263	43	0.744492
264	36	0.744663
265	45	0.744875
266	46	0.745093
267	48	0.745319
268	36	0.74549
269	39	0.745674
270	55	0.745934
271	59	0.746213
272	86	0.746619
273	62	0.746912
274	54	0.747167
275	36	0.747337
276	46	0.747555
277	55	0.747814
278	73	0.748159
279	121	0.748731
280	85	0.749133
281	68	0.749454
282	72	0.749794
283	50	0.750031
284	35	0.750196
285	48	0.750423
286	82	0.75081
287	81	0.751193
288	108	0.751704
289	92	0.752138
290	49	0.75237
291	49	0.752601
292	55	0.752861
293	45	0.753074
294	32	0.753225
295	53	0.753476
296	38	0.753655
297	43	0.753858
298	53	0.754109
299	35	0.754274
300	61	0.754562
301	59	0.754841
302	51	0.755082
303	51	0.755323
304	32	0.755474
305	34	0.755635
306	52	0.755881
307	44	0.756089
308	24	0.756202
309	37	0.756377
310	43	0.75658
311	38	0.75676
312	43	0.756963
313	38	0.757143
314	40	0.757332
315	47	0.757554
316	38	0.757733
317	40	0.757922
318	46	0.75814
319	37	0.758315
320	37	0.758489
321	33	0.758645
322	33	0.758801
323	33	0.758957
324	28	0.759089
325	39	0.759274
326	34	0.759434
327	37	0.759609
328	34	0.75977
329	35	0.759935
330	35	0.760101
331	33	0.760257
332	38	0.760436
333	51	0.760677
334	43	0.76088
335	28	0.761013
336	39	0.761197
337	39	0.761381
338	44	0.761589
339	47	0.761811
340	39	0.761996
341	28	0.762128
342	39	0.762312
343	39	0.762497
344	35	0.762662
345	38	0.762842
346	30	0.762983
347	38	0.763163
348	37	0.763338
349	38	0.763517
350	42	0.763716
351	33	0.763872
352	32	0.764023
353	36	0.764193
354	28	0.764325
355	29	0.764462
356	52	0.764708
357	40	0.764897
358	34	0.765058
359	31	0.765204
360	38	0.765384
361	35	0.765549
362	42	0.765748
363	39	0.765932
364	30	0.766074
365	25	0.766192
366	26	0.766315
367	35	0.76648
368	35	0.766646
369	39	0.76683
370	52	0.767076
371	34	0.767236
372	48	0.767463
373	28	0.767595
374	32	0.767747
375	26	0.767869
376	40	0.768058
377	28	0.768191
378	35	0.768356
379	22	0.76846
380	31	0.768607
381	37	0.768781
382	34	0.768942
383	25	0.76906
384	39	0.769245
385	32	0.769396
386	43	0.769599
387	37	0.769774
388	30	0.769916
389	58	0.77019
390	97	0.770648
391	53	0.770899
392	66	0.77121
393	76	0.77157
394	93	0.772009
395	42	0.772207
396	50	0.772444
397	36	0.772614
398	25	0.772732
399	27	0.77286
400	40	0.773049
401	53	0.773299
402	61	0.773587
403	27	0.773715
404	37	0.77389
405	32	0.774041
406	74	0.774391
407	74	0.77474
408	146	0.77543
409	157	0.776172
410	133	0.776801
411	133	0.777429
412	136	0.778072
413	144	0.778752
414	55	0.779012
415	94	0.779456
416	106	0.779957
417	26	0.78008
418	18	0.780165
419	30	0.780307
420	28	0.780439
421	30	0.780581
422	24	0.780694
423	26	0.780817
424	26	0.78094
425	29	0.781077
426	34	0.781238
427	27	0.781365
428	28	0.781498
429	22	0.781602
430	31	0.781748
431	29	0.781885
432	33	0.782041
433	30	0.782183
434	26	0.782306
435	26	0.782429
436	30	0.78257
437	124	0.783156
438	153	0.783879
439	126	0.784475
440	113	0.785009
441	142	0.78568
442	214	0.786691
443	79	0.787064
444	26	0.787187
445	39	0.787372
446	27	0.787499
447	21	0.787598
448	28	0.787731
449	21	0.78783
450	28	0.787962
451	20	0.788057
452	17	0.788137
453	21	0.788236
454	16	0.788312
455	29	0.788449
456	22	0.788553
457	20	0.788647
458	32	0.788799
459	32	0.78895
460	22	0.789054
461	26	0.789177
462	26	0.7893
463	31	0.789446
464	24	0.789559
465	27	0.789687
466	23	0.789796
467	22	0.7899
468	29	0.790037
469	35	0.790202
470	33	0.790358
471	24	0.790472
472	22	0.790575
473	23	0.790684
474	29	0.790821
475	20	0.790916
476	24	0.791029
477	26	0.791152
478	31	0.791298
479	21	0.791398
480	18	0.791483
481	16	0.791558
482	17	0.791639
483	30	0.79178
484	27	0.791908
485	22	0.792012
486	19	0.792102
487	14	0.792168
488	16	0.792244
489	26	0.792366
490	23	0.792475
491	22	0.792579
492	23	0.792688
493	20	0.792782
494	18	0.792867
495	31	0.793014
496	28	0.793146
497	18	0.793231
498	22	0.793335
499	22	0.793439
500	22	0.793543
501	18	0.793628
502	25	0.793746
503	24	0.79386
504	24	0.793973
505	34	0.794134
506	24	0.794247
507	29	0.794384
508	20	0.794479
509	22	0.794583
510	32	0.794734
511	29	0.794871
512	26	0.794994
513	24	0.795107
514	18	0.795192
515	26	0.795315
516	27	0.795443
517	25	0.795561
518	27	0.795688
519	28	0.795821
520	31	0.795967
521	21	0.796066
522	30	0.796208
523	25	0.796326
524	26	0.796449
525	26	0.796572
526	14	0.796638
527	23	0.796747
528	27	0.796875
529	23	0.796983
530	23	0.797092
531	34	0.797253
532	20	0.797347
533	28	0.797479
534	20	0.797574
535	23	0.797683
536	24	0.797796
537	20	0.797891
538	27	0.798018
539	18	0.798103
540	19	0.798193
541	28	0.798325
542	22	0.798429
543	16	0.798505
544	18	0.79859
545	35	0.798755
546	22	0.798859
547	21	0.798959
548	16	0.799034
549	16	0.79911
550	20	0.799204
551	16	0.79928
552	24	0.799393
553	15	0.799464
554	17	0.799544
555	21	0.799644
556	25	0.799762
557	27	0.799889
558	32	0.800041
559	27	0.800168
560	20	0.800263
561	20	0.800357
562	29	0.800494
563	26	0.800617
564	18	0.800702
565	30	0.800844
566	25	0.800962
567	40	0.801151
568	87	0.801562
569	45	0.801775
570	31	0.801921
571	46	0.802139
572	24	0.802252
573	19	0.802342
574	23	0.802451
575	36	0.802621
576	33	0.802777
577	14	0.802843
578	14	0.802909
579	13	0.80297
580	20	0.803065
581	16	0.803141
582	20	0.803235
583	17	0.803315
584	20	0.80341
585	32	0.803561
586	15	0.803632
587	20	0.803727
588	21	0.803826
589	21	0.803925
590	25	0.804043
591	25	0.804161
592	16	0.804237
593	32	0.804388
594	24	0.804502
595	20	0.804596
596	26	0.804719
597	21	0.804818
598	21	0.804917
599	24	0.805031
600	22	0.805135
601	22	0.805239
602	29	0.805376
603	22	0.80548
604	21	0.805579
605	12	0.805636
606	19	0.805725
607	18	0.80581
608	54	0.806066
609	86	0.806472
610	77	0.806836
611	72	0.807176
612	109	0.807691
613	72	0.808031
614	67	0.808348
615	53	0.808599
616	30	0.80874
617	57	0.80901
618	97	0.809468
619	162	0.810234
620	121	0.810805
621	46	0.811023
622	83	0.811415
623	46	0.811632
624	63	0.81193
625	36	0.8121
626	18	0.812185
627	24	0.812299
628	13	0.81236
629	15	0.812431
630	27	0.812558
631	35	0.812724
632	22	0.812828
633	23	0.812937
634	16	0.813012
635	22	0.813116
636	17	0.813196
637	24	0.81331
638	10	0.813357
639	24	0.81347
640	23	0.813579
641	21	0.813678
642	22	0.813782
643	19	0.813872
644	17	0.813952
645	23	0.814061
646	28	0.814193
647	21	0.814293
648	26	0.814416
649	26	0.814538
650	19	0.814628
651	23	0.814737
652	21	0.814836
653	18	0.814921
654	17	0.815002
655	18	0.815087
656	16	0.815162
657	11	0.815214
658	15	0.815285
659	16	0.815361
660	21	0.81546
661	12	0.815517
662	12	0.815573
663	26	0.815696
664	11	0.815748
665	18	0.815833
666	21	0.815932
667	13	0.815994
668	14	0.81606
669	15	0.816131
670	6	0.816159
671	15	0.81623
672	15	0.816301
673	19	0.816391
674	13	0.816452
675	13	0.816514
676	14	0.81658
677	13	0.816641
678	18	0.816726
679	17	0.816807
680	21	0.816906
681	14	0.816972
682	10	0.817019
683	13	0.817081
684	10	0.817128
685	19	0.817218
686	14	0.817284
687	15	0.817355
688	11	0.817407
689	21	0.817506
690	17	0.817586
691	23	0.817695
692	15	0.817766
693	14	0.817832
694	21	0.817931
695	23	0.81804
696	12	0.818097
697	11	0.818149
698	20	0.818243
699	13	0.818305
700	12	0.818361
701	16	0.818437
702	18	0.818522
703	13	0.818583
704	13	0.818645
705	8	0.818683
706	16	0.818758
707	11	0.81881
708	18	0.818895
709	11	0.818947
710	17	0.819028
711	16	0.819103
712	14	0.819169
713	13	0.819231
714	13	0.819292
715	14	0.819358
716	13	0.81942
717	9	0.819462
718	5	0.819486
719	13	0.819547
720	9	0.81959
721	13	0.819651
722	19	0.819741
723	9	0.819784
724	11	0.819836
725	16	0.819911
726	14	0.819978
727	14	0.820044
728	9	0.820086
729	15	0.820157
730	12	0.820214
731	19	0.820304
732	8	0.820341
733	11	0.820393
734	14	0.82046
735	12	0.820516
736	10	0.820563
737	10	0.820611
738	5	0.820634
739	14	0.820701
740	11	0.820752
741	16	0.820828
742	15	0.820899
743	22	0.821003
744	14	0.821069
745	13	0.821131
746	13	0.821192
747	9	0.821234
748	7	0.821268
749	8	0.821305
750	9	0.821348
751	7	0.821381
752	15	0.821452
753	13	0.821513
754	12	0.82157
755	12	0.821627
756	15	0.821698
757	10	0.821745
758	17	0.821825
759	9	0.821868
760	10	0.821915
761	18	0.822
762	25	0.822118
763	18	0.822203
764	18	0.822288
765	11	0.82234
766	15	0.822411
767	13	0.822473
768	4	0.822491
769	10	0.822539
770	15	0.82261
771	8	0.822647
772	12	0.822704
773	14	0.82277
774	15	0.822841
775	10	0.822888
776	11	0.82294
777	12	0.822997
778	12	0.823054
779	9	0.823096
780	16	0.823172
781	14	0.823238
782	12	0.823295
783	9	0.823337
784	7	0.82337
785	16	0.823446
786	7	0.823479
787	9	0.823522
788	14	0.823588
789	12	0.823644
790	8	0.823682
791	9	0.823725
792	9	0.823767
793	10	0.823815
794	10	0.823862
795	29	0.823999
796	23	0.824108
797	36	0.824278
798	30	0.824419
799	25	0.824538
800	25	0.824656
801	25	0.824774
802	16	0.824849
803	38	0.825029
804	36	0.825199
805	30	0.825341
806	26	0.825464
807	25	0.825582
808	23	0.825691
809	12	0.825747
810	11	0.825799
811	18	0.825884
812	11	0.825936
813	12	0.825993
814	16	0.826069
815	4	0.826088
816	9	0.82613
817	9	0.826173
818	14	0.826239
819	6	0.826267
820	13	0.826329
821	15	0.826399
822	11	0.826451
823	12	0.826508
824	24	0.826622
825	17	0.826702
826	8	0.82674
827	8	0.826777
828	13	0.826839
829	9	0.826881
830	8	0.826919
831	7	0.826952
832	11	0.827004
833	19	0.827094
834	13	0.827156
835	16	0.827231
836	7	0.827264
837	11	0.827316
838	11	0.827368
839	6	0.827397
840	11	0.827449
841	11	0.8275
842	9	0.827543
843	13	0.827604
844	11	0.827656
845	5	0.82768
846	10	0.827727
847	7	0.82776
848	9	0.827803
849	2	0.827812
850	12	0.827869
851	14	0.827935
852	6	0.827964
853	9	0.828006
854	7	0.828039
855	10	0.828086
856	10	0.828134
857	6	0.828162
858	10	0.828209
859	10	0.828257
860	11	0.828309
861	10	0.828356
862	7	0.828389
863	8	0.828427
864	7	0.82846
865	12	0.828516
866	7	0.82855
867	11	0.828602
868	10	0.828649
869	11	0.828701
870	11	0.828753
871	8	0.828791
872	14	0.828857
873	11	0.828909
874	11	0.828961
875	7	0.828994
876	9	0.829036
877	11	0.829088
878	11	0.82914
879	10	0.829187
880	17	0.829268
881	26	0.829391
882	60	0.829674
883	111	0.830199
884	76	0.830558
885	5	0.830582
886	6	0.83061
887	8	0.830648
888	7	0.830681
889	11	0.830733
890	10	0.83078
891	12	0.830837
892	10	0.830884
893	13	0.830945
894	8	0.830983
895	9	0.831026
896	17	0.831106
897	15	0.831177
898	13	0.831238
899	12	0.831295
900	8	0.831333
901	10	0.83138
902	7	0.831413
903	7	0.831446
904	3	0.83146
905	9	0.831503
906	8	0.831541
907	10	0.831588
908	7	0.831621
909	12	0.831678
910	6	0.831706
911	10	0.831753
912	8	0.831791
913	10	0.831839
914	10	0.831886
915	19	0.831976
916	6	0.832004
917	10	0.832051
918	12	0.832108
919	2	0.832117
920	7	0.83215
921	8	0.832188
922	9	0.832231
923	9	0.832273
924	9	0.832316
925	8	0.832354
926	11	0.832406
927	14	0.832472
928	11	0.832524
929	13	0.832585
930	10	0.832632
931	8	0.83267
932	12	0.832727
933	9	0.832769
934	9	0.832812
935	7	0.832845
936	11	0.832897
937	10	0.832944
938	10	0.832992
939	16	0.833067
940	12	0.833124
941	9	0.833166
942	16	0.833242
943	25	0.83336
944	48	0.833587
945	61	0.833875
946	14	0.833941
947	28	0.834074
948	48	0.8343
949	129	0.83491
950	90	0.835335
951	57	0.835605
952	76	0.835964
953	64	0.836266
954	80	0.836644
955	74	0.836994
956	57	0.837263
957	84	0.83766
958	96	0.838114
959	121	0.838686
960	111	0.83921
961	79	0.839584
962	44	0.839792
963	23	0.8399
964	7	0.839933
965	8	0.839971
966	12	0.840028
967	7	0.840061
968	11	0.840113
969	5	0.840136
970	12	0.840193
971	7	0.840226
972	8	0.840264
973	14	0.84033
974	14	0.840396
975	7	0.840429
976	7	0.840463
977	6	0.840491
978	6	0.840519
979	4	0.840538
980	8	0.840576
981	7	0.840609
982	10	0.840656
983	4	0.840675
984	16	0.840751
985	9	0.840793
986	16	0.840869
987	6	0.840897
988	13	0.840959
989	7	0.840992
990	11	0.841044
991	9	0.841086
992	6	0.841115
993	10	0.841162
994	8	0.8412
995	10	0.841247
996	13	0.841308
997	6	0.841337
998	10	0.841384
999	10	0.841431
1000	9	0.841474
1001	9	0.841516
1002	6	0.841545
1003	11	0.841597
1004	11	0.841649
1005	17	0.841729
1006	7	0.841762
1007	8	0.8418
1008	3	0.841814
1009	8	0.841852
1010	6	0.84188
1012	4	0.841899
1013	8	0.841937
1014	7	0.84197
1015	3	0.841984
1016	5	0.842008
1017	7	0.842041
1018	5	0.842064
1019	7	0.842098
1020	3	0.842112
1021	8	0.84215
1022	8	0.842187
1023	3	0.842202
1024	6	0.84223
1025	7	0.842263
1026	10	0.84231
1027	5	0.842334
1028	5	0.842357
1029	11	0.842409
1030	7	0.842443
1031	9	0.842485
1032	14	0.842551
1033	11	0.842603
1034	2	0.842613
1035	4	0.842632
1036	6	0.84266
1037	6	0.842688
1038	7	0.842721
1039	7	0.842754
1040	7	0.842787
1041	9	0.84283
1042	13	0.842891
1043	4	0.84291
1044	8	0.842948
1045	12	0.843005
1046	14	0.843071
1047	7	0.843104
1048	13	0.843166
1049	10	0.843213
1050	11	0.843265
1051	11	0.843317
1052	5	0.84334
1053	4	0.843359
1054	6	0.843388
1055	6	0.843416
1056	8	0.843454
1057	6	0.843482
1058	8	0.84352
1059	5	0.843544
1060	9	0.843586
1061	3	0.8436
1062	4	0.843619
1063	5	0.843643
1064	13	0.843704
1065	3	0.843718
1066	3	0.843733
1067	4	0.843751
1068	11	0.843803
1069	4	0.843822
1070	8	0.84386
1071	8	0.843898
1072	6	0.843926
1073	7	0.843959
1074	7	0.843992
1075	11	0.844044
1076	9	0.844087
1077	9	0.84413
1078	6	0.844158
1079	7	0.844191
1080	3	0.844205
1081	6	0.844233
1082	2	0.844243
1083	5	0.844267
1084	9	0.844309
1085	8	0.844347
1086	7	0.84438
1087	14	0.844446
1088	7	0.844479
1089	10	0.844526
1090	8	0.844564
1091	6	0.844593
1092	7	0.844626
1093	11	0.844678
1094	9	0.84472
1095	4	0.844739
1096	4	0.844758
1097	10	0.844805
1098	2	0.844815
1099	10	0.844862
1100	8	0.8449
1101	5	0.844923
1102	8	0.844961
1103	10	0.845008
1104	3	0.845023
1105	7	0.845056
1106	8	0.845094
1107	4	0.845112
1108	8	0.84515
1109	3	0.845164
1110	9	0.845207
1111	9	0.845249
1112	7	0.845283
1113	14	0.845349
1114	7	0.845382
1115	9	0.845424
1116	9	0.845467
1117	10	0.845514
1118	8	0.845552
1119	11	0.845604
1120	7	0.845637
1121	8	0.845675
1122	7	0.845708
1123	8	0.845746
1124	10	0.845793
1125	4	0.845812
1126	4	0.845831
1127	12	0.845887
1128	8	0.845925
1129	7	0.845958
1130	5	0.845982
1131	5	0.846006
1132	2	0.846015
1133	5	0.846039
1134	6	0.846067
1135	5	0.846091
1136	6	0.846119
1137	2	0.846128
1138	7	0.846161
1139	11	0.846213
1140	11	0.846265
1141	5	0.846289
1142	10	0.846336
1143	3	0.84635
1144	6	0.846379
1145	8	0.846417
1146	5	0.84644
1147	4	0.846459
1148	5	0.846483
1149	13	0.846544
1150	8	0.846582
1151	10	0.846629
1152	5	0.846653
1153	5	0.846677
1154	4	0.846695
1155	9	0.846738
1156	7	0.846771
1157	8	0.846809
1158	2	0.846818
1159	4	0.846837
1160	10	0.846884
1161	2	0.846894
1162	9	0.846936
1163	6	0.846965
1164	9	0.847007
1165	2	0.847017
1166	8	0.847055
1167	7	0.847088
1168	8	0.847125
1169	6	0.847154
1170	5	0.847177
1171	6	0.847206
1172	6	0.847234
1173	6	0.847263
1174	6	0.847291
1175	7	0.847324
1176	9	0.847366
1177	4	0.847385
1178	5	0.847409
1179	4	0.847428
1180	8	0.847466
1181	8	0.847504
1182	4	0.847522
1183	6	0.847551
1184	9	0.847593
1185	5	0.847617
1186	10	0.847664
1187	5	0.847688
1188	2	0.847697
1189	5	0.847721
1190	4	0.84774
1191	8	0.847778
1192	7	0.847811
1193	6	0.847839
1194	11	0.847891
1195	8	0.847929
1196	14	0.847995
1197	8	0.848033
1198	13	0.848094
1199	5	0.848118
1200	12	0.848175
1201	7	0.848208
1202	10	0.848255
1203	8	0.848293
1204	2	0.848302
1205	8	0.84834
1206	5	0.848364
1207	9	0.848406
1208	15	0.848477
1209	8	0.848515
1210	5	0.848538
1211	2	0.848548
1212	6	0.848576
1213	11	0.848628
1214	7	0.848661
1215	3	0.848675
1216	5	0.848699
1217	3	0.848713
1218	3	0.848727
1219	3	0.848742
1220	7	0.848775
1221	5	0.848798
1222	1	0.848803
1223	3	0.848817
1224	5	0.848841
1225	9	0.848883
1226	8	0.848921
1227	8	0.848959
1228	9	0.849002
1229	49	0.849233
1230	24	0.849346
1231	11	0.849398
1232	22	0.849502
1233	13	0.849564
1234	16	0.849639
1235	15	0.84971
1236	13	0.849772
1237	9	0.849814
1238	8	0.849852
1239	2	0.849862
1240	7	0.849895
1241	7	0.849928
1242	7	0.849961
1243	3	0.849975
1244	7	0.850008
1245	11	0.85006
1246	1	0.850065
1247	7	0.850098
1248	11	0.85015
1249	3	0.850164
1250	9	0.850207
1251	10	0.850254
1252	5	0.850277
1253	6	0.850306
1254	6	0.850334
1255	3	0.850348
1256	4	0.850367
1257	11	0.850419
1258	3	0.850433
1259	4	0.850452
1260	2	0.850462
1261	5	0.850485
1262	4	0.850504
1263	5	0.850528
1264	5	0.850551
1265	7	0.850585
1266	5	0.850608
1267	5	0.850632
1268	6	0.85066
1269	8	0.850698
1270	5	0.850722
1271	4	0.85074
1272	10	0.850788
1273	4	0.850807
1274	5	0.85083
1275	3	0.850844
1276	5	0.850868
1277	3	0.850882
1278	4	0.850901
1279	5	0.850925
1280	3	0.850939
1281	4	0.850958
1282	2	0.850967
1283	2	0.850977
1284	5	0.851
1285	4	0.851019
1286	5	0.851043
1287	6	0.851071
1288	3	0.851085
1289	5	0.851109
1290	3	0.851123
1291	2	0.851133
1292	6	0.851161
1293	8	0.851199
1294	6	0.851227
1295	1	0.851232
1296	6	0.85126
1297	5	0.851284
1298	3	0.851298
1299	30	0.85144
1300	34	0.851601
1301	41	0.851794
1302	100	0.852267
1303	215	0.853283
1304	338	0.85488
1305	148	0.855579
1306	227	0.856652
1307	216	0.857673
1308	168	0.858467
1309	234	0.859572
1310	36	0.859743
1311	16	0.859818
1312	18	0.859903
1313	17	0.859984
1314	10	0.860031
1315	8	0.860069
1316	3	0.860083
1317	5	0.860106
1318	2	0.860116
1319	9	0.860158
1320	8	0.860196
1321	2	0.860206
1322	3	0.86022
1323	4	0.860239
1324	4	0.860258
1325	7	0.860291
1326	7	0.860324
1327	3	0.860338
1328	7	0.860371
1329	4	0.86039
1330	3	0.860404
1331	2	0.860414
1332	6	0.860442
1333	3	0.860456
1334	7	0.860489
1335	5	0.860513
1336	2	0.860522
1337	4	0.860541
1338	4	0.86056
1339	4	0.860579
1340	7	0.860612
1341	6	0.86064
1342	4	0.860659
1343	2	0.860669
1344	5	0.860692
1345	5	0.860716
1346	3	0.86073
1347	3	0.860744
1348	3	0.860759
1349	6	0.860787
1350	7	0.86082
1351	5	0.860844
1352	6	0.860872
1353	4	0.860891
1354	6	0.860919
1355	3	0.860933
1356	5	0.860957
1357	4	0.860976
1358	4	0.860995
1359	5	0.861018
1360	2	0.861028
1361	9	0.86107
1362	5	0.861094
1363	6	0.861122
1364	6	0.861151
1365	7	0.861184
1366	7	0.861217
1367	6	0.861245
1368	8	0.861283
1369	4	0.861302
1370	4	0.861321
1371	7	0.861354
1372	1	0.861359
1373	1	0.861363
1374	7	0.861396
1375	5	0.86142
1376	9	0.861463
1377	4	0.861482
1378	1	0.861486
1379	6	0.861515
1380	8	0.861552
1381	7	0.861585
1382	8	0.861623
1383	16	0.861699
1384	4	0.861718
1385	3	0.861732
1386	5	0.861756
1387	5	0.861779
1388	7	0.861812
1389	5	0.861836
1390	5	0.86186
1391	8	0.861897
1392	4	0.861916
1393	8	0.861954
1394	6	0.861982
1395	3	0.861997
1396	9	0.862039
1397	1	0.862044
1398	4	0.862063
1399	4	0.862082
1400	5	0.862105
1401	5	0.862129
1402	4	0.862148
1403	6	0.862176
1404	9	0.862219
1405	7	0.862252
1406	5	0.862275
1407	6	0.862304
1408	4	0.862323
1409	5	0.862346
1410	6	0.862375
1411	6	0.862403
1412	7	0.862436
1413	2	0.862446
1414	10	0.862493
1415	5	0.862516
1416	6	0.862545
1417	5	0.862568
1418	6	0.862597
1419	5	0.86262
1420	9	0.862663
1421	3	0.862677
1422	6	0.862705
1423	3	0.86272
1424	4	0.862739
1425	3	0.862753
1426	6	0.862781
1427	2	0.86279
1428	1	0.862795
1429	1	0.8628
1430	2	0.862809
1431	4	0.862828
1432	2	0.862838
1433	3	0.862852
1434	1	0.862857
1435	3	0.862871
1436	5	0.862894
1437	3	0.862909
1438	2	0.862918
1439	4	0.862937
1440	3	0.862951
1441	4	0.86297
1442	7	0.863003
1443	2	0.863013
1444	4	0.863032
1445	7	0.863065
1446	5	0.863088
1447	4	0.863107
1448	5	0.863131
1449	2	0.86314
1450	2	0.86315
1451	8	0.863187
1452	8	0.863225
1453	8	0.863263
1455	3	0.863277
1456	6	0.863306
1457	8	0.863343
1458	5	0.863367
1459	7	0.8634
1460	4	0.863419
1461	8	0.863457
1462	5	0.86348
1463	3	0.863495
1464	3	0.863509
1465	4	0.863528
1466	6	0.863556
1467	6	0.863584
1468	3	0.863599
1469	3	0.863613
1470	3	0.863627
1471	2	0.863636
1472	1	0.863641
1473	6	0.863669
1474	3	0.863684
1475	3	0.863698
1476	2	0.863707
1477	4	0.863726
1478	4	0.863745
1479	6	0.863773
1480	4	0.863792
1481	5	0.863816
1482	4	0.863835
1483	6	0.863863
1484	8	0.863901
1485	2	0.86391
1486	2	0.86392
1487	2	0.863929
1488	2	0.863939
1489	2	0.863948
1490	4	0.863967
1491	3	0.863981
1492	5	0.864005
1493	2	0.864014
1494	6	0.864043
1495	3	0.864057
1496	2	0.864066
1497	5	0.86409
1498	4	0.864109
1499	4	0.864128
1500	2	0.864137
1501	2	0.864147
1502	3	0.864161
1503	4	0.86418
1504	5	0.864203
1505	4	0.864222
1506	4	0.864241
1507	8	0.864279
1508	2	0.864288
1509	5	0.864312
1510	4	0.864331
1511	4	0.86435
1512	5	0.864374
1513	2	0.864383
1514	5	0.864407
1515	5	0.86443
1516	3	0.864444
1517	7	0.864478
1518	9	0.86452
1519	3	0.864534
1520	6	0.864563
1521	3	0.864577
1522	6	0.864605
1523	8	0.864643
1524	8	0.864681
1525	5	0.864704
1526	13	0.864766
1527	7	0.864799
1528	4	0.864818
1529	3	0.864832
1530	9	0.864874
1531	10	0.864922
1532	10	0.864969
1533	8	0.865007
1534	4	0.865026
1535	12	0.865082
1536	9	0.865125
1537	8	0.865163
1538	4	0.865182
1539	6	0.86521
1540	5	0.865234
1541	4	0.865252
1542	8	0.86529
1543	7	0.865323
1544	10	0.865371
1545	5	0.865394
1546	9	0.865437
1547	14	0.865503
1548	10	0.86555
1549	5	0.865574
1550	2	0.865583
1551	2	0.865593
1552	1	0.865597
1553	8	0.865635
1554	7	0.865668
1555	5	0.865692
1556	6	0.86572
1557	2	0.86573
1558	5	0.865753
1559	1	0.865758
1560	3	0.865772
1561	7	0.865805
1562	3	0.86582
1563	1	0.865824
1564	3	0.865838
1565	5	0.865862
1566	5	0.865886
1567	1	0.86589
1568	4	0.865909
1569	2	0.865919
1570	6	0.865947
1571	5	0.865971
1572	1	0.865975
1573	4	0.865994
1574	6	0.866023
1575	3	0.866037
1576	5	0.866061
1577	4	0.866079
1578	5	0.866103
1579	3	0.866117
1580	2	0.866127
1581	5	0.86615
1582	3	0.866165
1583	2	0.866174
1584	3	0.866188
1585	5	0.866212
1586	8	0.86625
1587	4	0.866268
1588	8	0.866306
1589	4	0.866325
1590	1	0.86633
1591	6	0.866358
1592	1	0.866363
1593	5	0.866387
1594	5	0.86641
1595	2	0.86642
1596	4	0.866439
1597	6	0.866467
1598	5	0.866491
1599	2	0.8665
1600	3	0.866514
1601	5	0.866538
1602	4	0.866557
1603	3	0.866571
1604	1	0.866576
1605	10	0.866623
1606	4	0.866642
1607	2	0.866651
1608	3	0.866665
1609	2	0.866675
1610	3	0.866689
1612	3	0.866703
1613	1	0.866708
1614	1	0.866713
1615	2	0.866722
1616	4	0.866741
1618	4	0.86676
1619	4	0.866779
1620	3	0.866793
1621	1	0.866798
1622	1	0.866802
1623	3	0.866817
1624	3	0.866831
1625	1	0.866836
1626	2	0.866845
1627	2	0.866854
1628	4	0.866873
1629	6	0.866902
1630	6	0.86693
1631	1	0.866935
1632	2	0.866944
1633	6	0.866973
1634	3	0.866987
1635	5	0.86701
1636	3	0.867025
1637	3	0.867039
1638	7	0.867072
1639	3	0.867086
1640	4	0.867105
1641	3	0.867119
1642	4	0.867138
1643	6	0.867166
1644	5	0.86719
1645	6	0.867218
1646	5	0.867242
1647	2	0.867251
1648	4	0.86727
1649	4	0.867289
1650	5	0.867313
1651	4	0.867332
1652	3	0.867346
1653	3	0.86736
1654	3	0.867374
1655	5	0.867398
1656	3	0.867412
1657	4	0.867431
1658	2	0.86744
1659	6	0.867469
1660	1	0.867473
1661	7	0.867507
1662	3	0.867521
1663	3	0.867535
1664	2	0.867544
1665	4	0.867563
1666	2	0.867573
1667	4	0.867592
1668	2	0.867601
1669	4	0.86762
1670	3	0.867634
1671	3	0.867648
1672	3	0.867662
1673	6	0.867691
1674	2	0.8677
1675	7	0.867733
1676	5	0.867757
1677	2	0.867766
1678	3	0.867781
1679	4	0.8678
1680	6	0.867828
1681	5	0.867852
1682	3	0.867866
1683	1	0.86787
1684	4	0.867889
1685	3	0.867903
1686	1	0.867908
1687	1	0.867913
1688	5	0.867937
1689	3	0.867951
1690	1	0.867955
1691	2	0.867965
1692	2	0.867974
1693	3	0.867989
1694	3	0.868003
1695	7	0.868036
1696	3	0.86805
1697	5	0.868074
1698	2	0.868083
1699	2	0.868093
1700	7	0.868126
1701	4	0.868144
1703	6	0.868173
1704	4	0.868192
1705	3	0.868206
1706	7	0.868239
1707	3	0.868253
1708	5	0.868277
1709	6	0.868305
1710	5	0.868329
1711	4	0.868348
1712	4	0.868367
1713	3	0.868381
1714	3	0.868395
1715	4	0.868414
1716	2	0.868423
1717	3	0.868437
1718	3	0.868452
1719	4	0.868471
1720	6	0.868499
1721	3	0.868513
1722	3	0.868527
1723	7	0.86856
1724	2	0.86857
1725	3	0.868584
1726	1	0.868589
1727	5	0.868612
1728	6	0.868641
1729	6	0.868669
1730	8	0.868707
1731	6	0.868735
1732	1	0.86874
1733	8	0.868778
1734	4	0.868797
1735	2	0.868806
1736	3	0.86882
1737	4	0.868839
1738	5	0.868863
1739	2	0.868872
1740	7	0.868905
1741	1	0.86891
1742	3	0.868924
1743	2	0.868934
1744	5	0.868957
1745	1	0.868962
1746	1	0.868967
1747	2	0.868976
1748	3	0.86899
1749	3	0.869005
1750	2	0.869014
1751	2	0.869023
1752	1	0.869028
1753	2	0.869038
1754	4	0.869057
1755	2	0.869066
1756	2	0.869075
1757	1	0.86908
1758	1	0.869085
1759	3	0.869099
1761	1	0.869104
1762	1	0.869108
1763	5	0.869132
1764	2	0.869142
1765	2	0.869151
1766	2	0.86916
1767	4	0.869179
1768	7	0.869212
1769	4	0.869231
1770	7	0.869264
1771	3	0.869279
1772	3	0.869293
1773	2	0.869302
1774	3	0.869316
1775	6	0.869345
1776	1	0.869349
1777	4	0.869368
1778	4	0.869387
1779	1	0.869392
1780	2	0.869401
1781	4	0.86942
1782	1	0.869425
1783	1	0.86943
1784	5	0.869453
1785	2	0.869463
1786	6	0.869491
1787	4	0.86951
1789	2	0.86952
1790	3	0.869534
1791	1	0.869539
1792	4	0.869557
1793	3	0.869572
1794	3	0.869586
1795	5	0.869609
1796	2	0.869619
1797	3	0.869633
1798	7	0.869666
1799	2	0.869676
1800	4	0.869694
1801	6	0.869723
1802	4	0.869742
1803	3	0.869756
1804	4	0.869775
1805	1	0.86978
1806	6	0.869808
1807	2	0.869817
1808	2	0.869827
1809	3	0.869841
1810	9	0.869883
1811	2	0.869893
1812	1	0.869898
1813	4	0.869917
1814	3	0.869931
1815	6	0.869959
1816	4	0.869978
1817	6	0.870006
1818	4	0.870025
1819	2	0.870035
1820	7	0.870068
1821	6	0.870096
1822	9	0.870139
1823	5	0.870162
1825	1	0.870167
1826	3	0.870181
1827	6	0.87021
1828	3	0.870224
1829	3	0.870238
1830	3	0.870252
1831	1	0.870257
1832	1	0.870262
1833	4	0.87028
1834	1	0.870285
1835	3	0.870299
1836	5	0.870323
1837	3	0.870337
1838	3	0.870351
1839	1	0.870356
1840	5	0.87038
1841	3	0.870394
1842	3	0.870408
1843	8	0.870446
1844	5	0.870469
1845	3	0.870484
1846	7	0.870517
1847	1	0.870521
1848	5	0.870545
1849	3	0.870559
1850	4	0.870578
1851	2	0.870588
1852	2	0.870597
1853	2	0.870606
1854	4	0.870625
1855	4	0.870644
1856	3	0.870658
1857	2	0.870668
1858	2	0.870677
1859	1	0.870682
1860	5	0.870706
1861	2	0.870715
1862	1	0.87072
1863	1	0.870725
1864	8	0.870762
1865	1	0.870767
1866	2	0.870777
1867	1	0.870781
1868	3	0.870795
1869	2	0.870805
1870	2	0.870814
1871	2	0.870824
1874	3	0.870838
1875	3	0.870852
1876	2	0.870862
1877	9	0.870904
1878	1	0.870909
1879	4	0.870928
1880	2	0.870937
1881	2	0.870947
1882	4	0.870966
1883	1	0.87097
1884	1	0.870975
1886	1	0.87098
1887	4	0.870999
1888	2	0.871008
1889	1	0.871013
1890	2	0.871022
1891	4	0.871041
1892	2	0.871051
1893	4	0.87107
1894	2	0.871079
1895	3	0.871093
1896	1	0.871098
1897	2	0.871107
1898	2	0.871117
1899	1	0.871122
1900	2	0.871131
1901	3	0.871145
1902	4	0.871164
1903	33	0.87132
1904	52	0.871566
1905	31	0.871712
1906	70	0.872043
1907	48	0.87227
1908	32	0.872421
1909	19	0.872511
1910	43	0.872714
1911	42	0.872913
1912	102	0.873395
1913	160	0.874151
1914	11	0.874203
1915	29	0.87434
1916	7	0.874373
1917	1	0.874377
1918	3	0.874392
1919	2	0.874401
1920	3	0.874415
1921	3	0.874429
1923	5	0.874453
1924	1	0.874458
1925	3	0.874472
1927	2	0.874481
1928	3	0.874496
1929	4	0.874514
1930	2	0.874524
1931	3	0.874538
1932	3	0.874552
1934	1	0.874557
1935	1	0.874562
1936	3	0.874576
1937	4	0.874595
1938	3	0.874609
1939	1	0.874614
1940	2	0.874623
1941	3	0.874637
1942	1	0.874642
1943	4	0.874661
1944	5	0.874685
1945	3	0.874699
1946	2	0.874708
1947	3	0.874722
1948	5	0.874746
1949	1	0.874751
1950	2	0.87476
1951	3	0.874774
1952	1	0.874779
1953	1	0.874784
1954	2	0.874793
1955	1	0.874798
1956	3	0.874812
1957	3	0.874826
1958	3	0.874841
1960	2	0.87485
1961	1	0.874855
1962	2	0.874864
1963	3	0.874878
1964	5	0.874902
1965	5	0.874926
1966	5	0.874949
1967	2	0.874959
1968	4	0.874978
1969	3	0.874992
1970	2	0.875001
1971	1	0.875006
1972	3	0.87502
1973	3	0.875034
1974	2	0.875044
1975	2	0.875053
1976	5	0.875077
1977	4	0.875096
1978	1	0.8751
1979	2	0.87511
1980	4	0.875129
1981	2	0.875138
1982	2	0.875148
1983	2	0.875157
1985	3	0.875171
1986	1	0.875176
1987	8	0.875214
1988	3	0.875228
1989	1	0.875233
1990	1	0.875237
1991	2	0.875247
1992	1	0.875252
1993	1	0.875256
1994	3	0.875271
1995	3	0.875285
1996	6	0.875313
1997	3	0.875327
1998	5	0.875351
1999	1	0.875356
2000	2	0.875365
2001	3	0.875379
2002	1	0.875384
2003	3	0.875398
2006	1	0.875403
2007	1	0.875408
2008	2	0.875417
2009	2	0.875426
2010	3	0.875441
2011	3	0.875455
2012	3	0.875469
2013	2	0.875478
2015	2	0.875488
2016	2	0.875497
2017	3	0.875512
2018	3	0.875526
2019	2	0.875535
2020	1	0.87554
2021	1	0.875545
2022	1	0.875549
2023	1	0.875554
2024	5	0.875578
2025	2	0.875587
2026	2	0.875597
2028	4	0.875615
2029	1	0.87562
2030	1	0.875625
2031	2	0.875634
2032	4	0.875653
2033	4	0.875672
2034	5	0.875696
2035	2	0.875705
2036	2	0.875715
2037	2	0.875724
2038	2	0.875734
2039	3	0.875748
2040	5	0.875771
2041	1	0.875776
2042	5	0.8758
2043	2	0.875809
2045	2	0.875819
2046	5	0.875842
2047	5	0.875866
2049	2	0.875875
2050	1	0.87588
2051	3	0.875894
2052	5	0.875918
2053	3	0.875932
2054	3	0.875946
2055	4	0.875965
2056	4	0.875984
2057	1	0.875989
2058	2	0.875998
2059	5	0.876022
2060	6	0.87605
2061	2	0.87606
2062	3	0.876074
2063	2	0.876083
2064	6	0.876112
2065	5	0.876135
2066	1	0.87614
2068	2	0.876149
2069	3	0.876164
2070	2	0.876173
2071	1	0.876178
2072	3	0.876192
2073	2	0.876201
2074	3	0.876216
2075	1	0.87622
2076	1	0.876225
2077	1	0.87623
2078	3	0.876244
2079	1	0.876249
2080	3	0.876263
2081	1	0.876268
2082	1	0.876272
2083	3	0.876287
2085	3	0.876301
2086	2	0.87631
2087	1	0.876315
2088	2	0.876324
2089	1	0.876329
2091	3	0.876343
2092	4	0.876362
2093	3	0.876376
2094	6	0.876405
2095	2	0.876414
2096	5	0.876438
2097	1	0.876442
2098	6	0.876471
2099	3	0.876485
2100	2	0.876494
2101	4	0.876513
2102	4	0.876532
2103	3	0.876546
2104	4	0.876565
2105	2	0.876575
2108	1	0.876579
2109	2	0.876589
2110	3	0.876603
2111	2	0.876613
2112	1	0.876617
2113	1	0.876622
2114	2	0.876631
2115	5	0.876655
2116	3	0.876669
2117	2	0.876679
2118	2	0.876688
2119	2	0.876698
2120	1	0.876702
2121	3	0.876717
2122	1	0.876721
2123	3	0.876735
2126	1	0.87674
2127	2	0.87675
2128	3	0.876764
2129	2	0.876773
2130	3	0.876787
2131	1	0.876792
2132	2	0.876802
2133	7	0.876835
2134	2	0.876844
2135	4	0.876863
2136	3	0.876877
2137	2	0.876887
2138	1	0.876891
2139	4	0.87691
2140	4	0.876929
2141	2	0.876939
2142	1	0.876943
2143	4	0.876962
2144	1	0.876967
2145	4	0.876986
2146	1	0.876991
2147	2	0.877
2148	1	0.877005
2149	2	0.877014
2150	2	0.877024
2151	3	0.877038
2152	2	0.877047
2153	1	0.877052
2154	4	0.877071
2155	1	0.877076
2156	1	0.87708
2157	1	0.877085
2158	2	0.877095
2159	2	0.877104
2160	3	0.877118
2161	3	0.877132
2162	3	0.877147
2163	3	0.877161
2164	1	0.877165
2165	1	0.87717
2166	4	0.877189
2168	2	0.877199
2171	1	0.877203
2172	5	0.877227
2173	1	0.877232
2174	3	0.877246
2175	1	0.877251
2176	4	0.877269
2177	2	0.877279
2178	1	0.877284
2179	2	0.877293
2180	2	0.877302
2181	1	0.877307
2182	2	0.877317
2183	1	0.877321
2184	2	0.877331
2185	2	0.87734
2186	1	0.877345
2187	2	0.877354
2188	3	0.877369
2189	1	0.877373
2190	1	0.877378
2191	1	0.877383
2192	5	0.877406
2193	3	0.877421
2194	2	0.87743
2195	1	0.877435
2196	3	0.877449
2197	3	0.877463
2198	4	0.877482
2200	1	0.877487
2202	1	0.877492
2203	1	0.877496
2206	3	0.87751
2207	2	0.87752
2210	2	0.877529
2212	2	0.877539
2213	2	0.877548
2214	3	0.877562
2215	1	0.877567
2216	1	0.877572
2217	3	0.877586
2218	3	0.8776
2219	5	0.877624
2220	2	0.877633
2221	2	0.877643
2222	2	0.877652
2223	2	0.877662
2224	4	0.877681
2225	2	0.87769
2226	3	0.877704
2227	2	0.877714
2228	3	0.877728
2229	1	0.877733
2230	2	0.877742
2231	4	0.877761
2232	2	0.87777
2233	2	0.87778
2235	3	0.877794
2236	1	0.877799
2237	2	0.877808
2238	1	0.877813
2239	2	0.877822
2240	2	0.877832
2241	1	0.877836
2242	2	0.877846
2244	3	0.87786
2245	2	0.87787
2246	1	0.877874
2247	1	0.877879
2248	1	0.877884
2249	7	0.877917
2250	2	0.877926
2251	2	0.877936
2253	3	0.87795
2254	3	0.877964
2255	1	0.877969
2256	2	0.877978
2258	2	0.877988
2260	4	0.878007
2261	4	0.878025
2265	3	0.87804
2267	2	0.878049
2268	1	0.878054
2269	2	0.878063
2270	3	0.878077
2271	2	0.878087
2273	1	0.878092
2274	2	0.878101
2275	1	0.878106
2276	3	0.87812
2277	3	0.878134
2278	3	0.878148
2279	1	0.878153
2280	4	0.878172
2281	1	0.878177
2282	2	0.878186
2283	5	0.87821
2285	3	0.878224
2286	2	0.878233
2287	2	0.878243
2288	2	0.878252
2289	3	0.878266
2290	1	0.878271
2291	2	0.878281
2292	1	0.878285
2293	2	0.878295
2294	3	0.878309
2295	3	0.878323
2297	2	0.878333
2298	2	0.878342
2299	2	0.878352
2300	7	0.878385
2302	1	0.878389
2303	1	0.878394
2304	1	0.878399
2305	1	0.878404
2306	2	0.878413
2307	1	0.878418
2308	2	0.878427
2309	1	0.878432
2310	4	0.878451
2311	2	0.87846
2312	1	0.878465
2313	2	0.878474
2314	3	0.878489
2316	2	0.878498
2317	1	0.878503
2320	3	0.878517
2321	2	0.878526
2322	2	0.878536
2331	2	0.878545
2332	1	0.87855
2333	1	0.878555
2334	3	0.878569
2335	2	0.878578
2336	1	0.878583
2337	1	0.878588
2339	1	0.878593
2340	2	0.878602
2341	1	0.878607
2342	1	0.878611
2343	1	0.878616
2345	1	0.878621
2346	1	0.878626
2347	1	0.87863
2348	1	0.878635
2350	1	0.87864
2351	2	0.878649
2352	1	0.878654
2353	2	0.878663
2354	2	0.878673
2355	2	0.878682
2357	2	0.878692
2359	2	0.878701
2360	3	0.878715
2361	1	0.87872
2362	2	0.87873
2363	1	0.878734
2364	1	0.878739
2365	2	0.878748
2366	1	0.878753
2368	1	0.878758
2369	3	0.878772
2370	3	0.878786
2371	3	0.8788
2372	2	0.87881
2373	2	0.878819
2374	1	0.878824
2376	7	0.878857
2377	1	0.878862
2378	4	0.878881
2379	4	0.8789
2380	2	0.878909
2382	6	0.878938
2383	5	0.878961
2384	1	0.878966
2385	1	0.878971
2386	3	0.878985
2387	2	0.878994
2388	3	0.879008
2389	1	0.879013
2390	3	0.879027
2391	1	0.879032
2392	5	0.879056
2393	2	0.879065
2394	1	0.87907
2395	2	0.879079
2396	2	0.879089
2397	1	0.879093
2398	3	0.879108
2400	3	0.879122
2401	1	0.879127
2402	1	0.879131
2403	1	0.879136
2404	3	0.87915
2405	1	0.879155
2406	6	0.879183
2407	4	0.879202
2408	2	0.879212
2411	2	0.879221
2412	3	0.879235
2413	2	0.879245
2415	1	0.879249
2416	2	0.879259
2419	2	0.879268
2420	6	0.879297
2421	1	0.879301
2424	1	0.879306
2425	3	0.87932
2427	2	0.87933
2429	1	0.879334
2430	1	0.879339
2432	1	0.879344
2434	1	0.879349
2437	2	0.879358
2439	2	0.879368
2440	2	0.879377
2441	1	0.879382
2443	1	0.879386
2445	4	0.879405
2446	1	0.87941
2450	1	0.879415
2451	3	0.879429
2452	3	0.879443
2454	1	0.879448
2456	2	0.879457
2457	1	0.879462
2458	1	0.879467
2459	2	0.879476
2460	1	0.879481
2461	2	0.87949
2462	2	0.8795
2463	2	0.879509
2464	1	0.879514
2467	1	0.879519
2468	1	0.879523
2469	1	0.879528
2470	1	0.879533
2471	1	0.879538
2472	1	0.879542
2473	1	0.879547
2474	3	0.879561
2476	2	0.879571
2477	1	0.879575
2478	1	0.87958
2479	1	0.879585
2481	2	0.879594
2482	1	0.879599
2483	1	0.879604
2485	1	0.879609
2486	1	0.879613
2487	1	0.879618
2489	2	0.879627
2490	2	0.879637
2491	2	0.879646
2493	2	0.879656
2494	4	0.879675
2495	1	0.879679
2496	3	0.879694
2497	7	0.879727
2498	3	0.879741
2500	2	0.87975
2503	1	0.879755
2504	1	0.87976
2507	1	0.879764
2508	4	0.879783
2509	1	0.879788
2510	2	0.879798
2513	4	0.879816
2515	1	0.879821
2516	1	0.879826
2517	1	0.879831
2518	3	0.879845
2519	3	0.879859
2520	3	0.879873
2521	4	0.879892
2522	1	0.879897
2523	2	0.879906
2524	2	0.879916
2525	1	0.87992
2526	1	0.879925
2527	3	0.879939
2528	2	0.879949
2529	2	0.879958
2531	2	0.879968
2532	1	0.879972
2533	2	0.879982
2535	1	0.879987
2536	2	0.879996
2537	4	0.880015
2538	3	0.880029
2539	2	0.880039
2540	1	0.880043
2541	4	0.880062
2542	2	0.880072
2543	3	0.880086
2544	2	0.880095
2545	2	0.880105
2546	6	0.880133
2547	2	0.880143
2548	1	0.880147
2549	2	0.880157
2550	1	0.880161
2551	2	0.880171
2552	1	0.880176
2553	1	0.88018
2554	2	0.88019
2555	1	0.880195
2556	1	0.880199
2557	2	0.880209
2558	1	0.880213
2559	1	0.880218
2560	1	0.880223
2561	3	0.880237
2562	1	0.880242
2563	2	0.880251
2564	1	0.880256
2569	1	0.880261
2570	2	0.88027
2574	1	0.880275
2577	2	0.880284
2579	1	0.880289
2580	1	0.880294
2581	1	0.880298
2586	3	0.880313
2587	1	0.880317
2588	1	0.880322
2590	1	0.880327
2591	2	0.880336
2592	1	0.880341
2594	2	0.88035
2596	1	0.880355
2598	1	0.88036
2600	1	0.880365
2601	1	0.880369
2602	2	0.880379
2608	32	0.88053
2609	129	0.88114
2610	216	0.88216
2611	112	0.88269
2612	65	0.882997
2613	103	0.883483
2614	50	0.88372
2615	74	0.884069
2616	52	0.884315
2617	2	0.884325
2622	3	0.884339
2623	1	0.884343
2625	1	0.884348
2626	1	0.884353
2627	2	0.884362
2630	1	0.884367
2631	1	0.884372
2634	1	0.884377
2636	1	0.884381
2638	2	0.884391
2639	1	0.884395
2640	1	0.8844
2641	1	0.884405
2642	4	0.884424
2643	1	0.884429
2644	1	0.884433
2645	1	0.884438
2648	1	0.884443
2650	1	0.884447
2651	1	0.884452
2652	1	0.884457
2653	1	0.884462
2655	2	0.884471
2657	4	0.88449
2658	1	0.884495
2659	2	0.884504
2661	1	0.884509
2662	1	0.884514
2663	1	0.884518
2664	2	0.884528
2666	2	0.884537
2667	1	0.884542
2672	2	0.884551
2677	2	0.884561
2687	1	0.884566
2689	1	0.88457
2691	1	0.884575
2692	1	0.88458
2695	1	0.884584
2697	2	0.884594
2698	1	0.884599
2700	1	0.884603
2701	1	0.884608
2707	3	0.884622
2708	1	0.884627
2709	3	0.884641
2710	2	0.884651
2711	1	0.884655
2713	1	0.88466
2714	1	0.884665
2716	1	0.88467
2717	1	0.884674
2718	2	0.884684
2721	2	0.884693
2724	1	0.884698
2725	1	0.884703
2726	2	0.884712
2727	1	0.884717
2728	1	0.884722
2729	2	0.884731
2730	1	0.884736
2731	1	0.88474
2733	2	0.88475
2734	1	0.884755
2735	3	0.884769
2739	1	0.884774
2740	2	0.884783
2742	4	0.884802
2743	1	0.884807
2744	2	0.884816
2745	2	0.884825
2746	2	0.884835
2747	1	0.88484
2749	1	0.884844
2750	1	0.884849
2751	2	0.884859
2752	2	0.884868
2753	1	0.884873
2754	2	0.884882
2755	3	0.884896
2759	2	0.884906
2760	1	0.884911
2762	2	0.88492
2764	1	0.884925
2765	3	0.884939
2766	1	0.884944
2767	1	0.884948
2771	2	0.884958
2772	1	0.884963
2774	1	0.884967
2775	1	0.884972
2778	1	0.884977
2779	2	0.884986
2781	1	0.884991
2787	1	0.884996
2788	2	0.885005
2792	3	0.885019
2795	1	0.885024
2796	2	0.885033
2798	1	0.885038
2801	1	0.885043
2802	1	0.885048
2805	1	0.885052
2806	1	0.885057
2808	1	0.885062
2810	1	0.885066
2812	2	0.885076
2813	1	0.885081
2823	2	0.88509
2834	1	0.885095
2837	3	0.885109
2838	1	0.885114
2839	1	0.885118
2840	1	0.885123
2843	3	0.885137
2847	1	0.885142
2849	1	0.885147
2853	1	0.885152
2854	1	0.885156
2855	1	0.885161
2856	1	0.885166
2857	1	0.88517
2860	1	0.885175
2863	2	0.885185
2864	2	0.885194
2866	2	0.885204
2867	1	0.885208
2870	1	0.885213
2872	1	0.885218
2882	1	0.885222
2883	1	0.885227
2890	1	0.885232
2891	1	0.885237
2895	1	0.885241
2896	1	0.885246
2900	1	0.885251
2905	1	0.885256
2910	1	0.88526
2911	3	0.885274
2913	1	0.885279
2914	1	0.885284
2916	1	0.885289
2918	1	0.885293
2920	1	0.885298
2923	2	0.885307
2928	2	0.885317
2930	3	0.885331
2935	1	0.885336
2936	3	0.88535
2937	2	0.885359
2948	1	0.885364
2949	1	0.885369
2952	1	0.885374
2955	2	0.885383
2959	1	0.885388
2962	1	0.885393
2967	1	0.885397
2968	1	0.885402
2969	1	0.885407
2975	1	0.885411
2976	1	0.885416
2977	2	0.885426
2978	1	0.88543
2979	2	0.88544
2980	2	0.885449
2983	1	0.885454
2986	1	0.885459
2988	1	0.885463
2989	1	0.885468
2991	1	0.885473
2992	1	0.885478
2993	1	0.885482
2995	1	0.885487
2997	1	0.885492
2998	1	0.885497
3000	1	0.885501
3007	1	0.885506
3009	2	0.885515
3010	2	0.885525
3011	2	0.885534
3012	1	0.885539
3014	2	0.885548
3016	2	0.885558
3020	3	0.885572
3021	1	0.885577
3022	1	0.885582
3024	1	0.885586
3026	1	0.885591
3030	1	0.885596
3031	2	0.885605
3038	1	0.88561
3047	1	0.885615
3050	1	0.885619
3055	1	0.885624
3056	2	0.885634
3058	1	0.885638
3061	1	0.885643
3068	1	0.885648
3071	2	0.885657
3073	1	0.885662
3074	1	0.885667
3076	3	0.885681
3077	1	0.885686
3078	2	0.885695
3079	1	0.8857
3080	1	0.885704
3081	1	0.885709
3083	1	0.885714
3084	1	0.885719
3087	1	0.885723
3090	1	0.885728
3091	3	0.885742
3094	2	0.885752
3095	1	0.885756
3096	1	0.885761
3105	2	0.885771
3106	1	0.885775
3113	1	0.88578
3116	1	0.885785
3122	1	0.885789
3123	1	0.885794
3124	1	0.885799
3125	1	0.885804
3133	1	0.885808
3134	1	0.885813
3135	2	0.885823
3140	1	0.885827
3141	1	0.885832
3152	1	0.885837
3156	1	0.885841
3162	1	0.885846
3163	1	0.885851
3165	1	0.885856
3166	1	0.88586
3170	1	0.885865
3174	1	0.88587
3176	2	0.885879
3177	1	0.885884
3178	1	0.885889
3180	1	0.885893
3181	1	0.885898
3183	2	0.885908
3184	1	0.885912
3187	1	0.885917
3197	1	0.885922
3199	1	0.885927
3204	1	0.885931
3205	1	0.885936
3208	2	0.885945
3210	2	0.885955
3213	1	0.88596
3215	1	0.885964
3219	2	0.885974
3220	2	0.885983
3222	1	0.885988
3225	1	0.885993
3228	1	0.885997
3229	1	0.886002
3233	1	0.886007
3236	2	0.886016
3237	3	0.88603
3238	1	0.886035
3239	2	0.886045
3241	1	0.886049
3243	1	0.886054
3246	1	0.886059
3252	1	0.886064
3253	1	0.886068
3254	1	0.886073
3255	1	0.886078
3256	1	0.886082
3257	1	0.886087
3263	1	0.886092
3264	1	0.886097
3265	1	0.886101
3267	1	0.886106
3270	1	0.886111
3275	1	0.886116
3277	1	0.88612
3278	1	0.886125
3285	1	0.88613
3287	2	0.886139
3289	2	0.886149
3290	1	0.886153
3294	1	0.886158
3296	2	0.886168
3297	2	0.886177
3299	1	0.886182
3303	2	0.886191
3305	1	0.886196
3308	2	0.886205
3309	1	0.88621
3312	1	0.886215
3313	1	0.88622
3315	1	0.886224
3317	1	0.886229
3318	1	0.886234
3319	1	0.886238
3320	1	0.886243
3321	1	0.886248
3324	3	0.886262
3325	1	0.886267
3327	1	0.886271
3334	1	0.886276
3336	2	0.886286
3338	1	0.88629
3343	2	0.8863
3345	2	0.886309
3346	1	0.886314
3351	2	0.886323
3361	1	0.886328
3364	1	0.886333
3366	2	0.886342
3369	1	0.886347
3378	1	0.886352
3379	1	0.886357
3381	1	0.886361
3386	1	0.886366
3392	1	0.886371
3397	1	0.886375
3399	1	0.88638
3400	1	0.886385
3401	1	0.88639
3404	1	0.886394
3405	1	0.886399
3408	1	0.886404
3413	1	0.886409
3422	1	0.886413
3423	1	0.886418
3424	3	0.886432
3425	2	0.886442
3427	1	0.886446
3430	1	0.886451
3434	1	0.886456
3437	2	0.886465
3438	1	0.88647
3440	1	0.886475
3443	2	0.886484
3445	1	0.886489
3450	1	0.886494
3451	1	0.886498
3454	1	0.886503
3455	1	0.886508
3457	1	0.886512
3464	1	0.886517
3465	1	0.886522
3469	1	0.886527
3472	1	0.886531
3474	1	0.886536
3480	1	0.886541
3481	2	0.88655
3486	1	0.886555
3488	2	0.886564
3491	1	0.886569
3497	2	0.886579
3513	1	0.886583
3515	1	0.886588
3526	1	0.886593
3527	1	0.886598
3529	1	0.886602
3538	1	0.886607
3551	1	0.886612
3553	1	0.886616
3559	2	0.886626
3567	1	0.886631
3572	1	0.886635
3576	1	0.88664
3577	1	0.886645
3579	1	0.88665
3584	2	0.886659
3585	2	0.886668
3589	1	0.886673
3593	1	0.886678
3598	1	0.886683
3602	1	0.886687
3606	2	0.886697
3612	1	0.886702
3623	2	0.886711
3625	1	0.886716
3630	1	0.88672
3634	1	0.886725
3638	1	0.88673
3640	2	0.886739
3648	1	0.886744
3656	1	0.886749
3658	1	0.886753
3662	1	0.886758
3666	1	0.886763
3673	1	0.886768
3677	1	0.886772
3685	1	0.886777
3688	2	0.886787
3689	1	0.886791
3691	1	0.886796
3693	1	0.886801
3696	1	0.886805
3712	1	0.88681
3713	1	0.886815
3717	1	0.88682
3721	1	0.886824
3723	1	0.886829
3726	1	0.886834
3727	2	0.886843
3736	1	0.886848
3738	1	0.886853
3746	1	0.886857
3751	1	0.886862
3755	1	0.886867
3759	1	0.886872
3764	1	0.886876
3765	1	0.886881
3770	1	0.886886
3782	1	0.886891
3783	1	0.886895
3788	2	0.886905
3791	1	0.886909
3794	1	0.886914
3801	1	0.886919
3813	1	0.886924
3816	2	0.886933
3819	1	0.886938
3827	1	0.886943
3828	1	0.886947
3829	1	0.886952
3830	1	0.886957
3831	1	0.886961
3836	1	0.886966
3837	1	0.886971
3839	2	0.88698
3858	1	0.886985
3859	1	0.88699
3860	1	0.886994
3863	1	0.886999
3864	2	0.887009
3873	2	0.887018
3874	1	0.887023
3878	1	0.887028
3883	1	0.887032
3887	1	0.887037
3892	1	0.887042
3894	1	0.887046
3895	2	0.887056
3898	1	0.887061
3904	1	0.887065
3907	1	0.88707
3908	2	0.88708
3926	1	0.887084
3934	1	0.887089
3937	1	0.887094
3943	1	0.887098
3944	1	0.887103
3958	2	0.887113
3973	1	0.887117
3975	2	0.887127
3990	1	0.887132
3994	1	0.887136
4003	2	0.887146
4005	1	0.88715
4006	1	0.887155
4007	1	0.88716
4009	3	0.887174
4010	1	0.887179
4011	1	0.887184
4016	1	0.887188
4019	1	0.887193
4021	1	0.887198
4028	2	0.887207
4031	1	0.887212
4043	1	0.887217
4050	1	0.887221
4053	1	0.887226
4059	1	0.887231
4067	1	0.887235
4084	1	0.88724
4086	1	0.887245
4087	1	0.88725
4099	1	0.887254
4150	1	0.887259
4153	1	0.887264
4155	1	0.887269
4156	1	0.887273
4163	1	0.887278
4171	1	0.887283
4172	1	0.887287
4178	1	0.887292
4182	2	0.887302
4186	1	0.887306
4201	1	0.887311
4203	2	0.887321
4208	1	0.887325
4217	1	0.88733
4233	1	0.887335
4244	1	0.887339
4250	1	0.887344
4253	1	0.887349
4254	1	0.887354
4255	1	0.887358
4256	1	0.887363
4258	1	0.887368
4263	1	0.887373
4264	1	0.887377
4267	1	0.887382
4272	3	0.887396
4277	1	0.887401
4279	1	0.887406
4282	1	0.88741
4296	1	0.887415
4300	1	0.88742
4301	1	0.887425
4305	1	0.887429
4306	1	0.887434
4311	2	0.887443
4314	1	0.887448
4320	1	0.887453
4321	1	0.887458
4323	1	0.887462
4326	1	0.887467
4327	1	0.887472
4328	1	0.887476
4329	1	0.887481
4348	1	0.887486
4349	1	0.887491
4350	1	0.887495
4353	1	0.8875
4357	1	0.887505
4363	1	0.88751
4364	1	0.887514
4365	1	0.887519
4369	1	0.887524
4382	1	0.887528
4383	2	0.887538
4389	1	0.887543
4391	1	0.887547
4397	1	0.887552
4400	1	0.887557
4401	1	0.887562
4404	1	0.887566
4405	1	0.887571
4408	1	0.887576
4412	1	0.88758
4417	1	0.887585
4421	1	0.88759
4424	1	0.887595
4429	2	0.887604
4432	1	0.887609
4437	2	0.887618
4441	1	0.887623
4442	1	0.887628
4444	1	0.887632
4446	1	0.887637
4454	1	0.887642
4455	1	0.887647
4459	1	0.887651
4460	1	0.887656
4462	1	0.887661
4464	1	0.887666
4468	1	0.88767
4469	1	0.887675
4471	1	0.88768
4474	2	0.887689
4480	1	0.887694
4481	1	0.887699
4483	1	0.887703
4484	1	0.887708
4488	1	0.887713
4489	1	0.887717
4490	2	0.887727
4491	1	0.887732
4498	2	0.887741
4508	1	0.887746
4511	1	0.887751
4512	1	0.887755
4522	1	0.88776
4529	1	0.887765
4534	1	0.887769
4535	1	0.887774
4539	2	0.887784
4540	2	0.887793
4541	1	0.887798
4542	2	0.887807
4543	1	0.887812
4544	2	0.887821
4545	1	0.887826
4546	1	0.887831
4547	1	0.887836
4549	1	0.88784
4553	1	0.887845
4554	1	0.88785
4563	1	0.887855
4566	1	0.887859
4567	1	0.887864
4568	2	0.887873
4570	1	0.887878
4571	1	0.887883
4574	1	0.887888
4575	2	0.887897
4583	1	0.887902
4588	1	0.887907
4590	1	0.887911
4591	1	0.887916
4592	1	0.887921
4595	1	0.887925
4601	1	0.88793
4608	1	0.887935
4616	1	0.88794
4617	1	0.887944
4623	1	0.887949
4626	1	0.887954
4628	1	0.887958
4629	1	0.887963
4630	1	0.887968
4638	1	0.887973
4639	1	0.887977
4643	1	0.887982
4645	1	0.887987
4646	1	0.887992
4647	3	0.888006
4648	1	0.88801
4663	1	0.888015
4665	1	0.88802
4667	1	0.888025
4669	1	0.888029
4674	1	0.888034
4677	1	0.888039
4679	1	0.888044
4680	2	0.888053
4686	1	0.888058
4688	2	0.888067
4689	1	0.888072
4691	1	0.888077
4692	1	0.888081
4700	1	0.888086
4703	1	0.888091
4706	1	0.888096
4707	1	0.8881
4708	1	0.888105
4710	2	0.888114
4713	1	0.888119
4714	2	0.888129
4715	1	0.888133
4718	1	0.888138
4723	1	0.888143
4731	1	0.888148
4741	1	0.888152
4752	1	0.888157
4755	1	0.888162
4778	1	0.888166
4803	1	0.888171
4807	1	0.888176
4824	1	0.888181
4839	1	0.888185
4840	1	0.88819
4841	1	0.888195
4878	1	0.888199
4893	2	0.888209
4894	5	0.888233
4895	2	0.888242
4896	6	0.88827
4897	11	0.888322
4898	5	0.888346
4899	19	0.888436
4900	14	0.888502
4901	9	0.888544
4902	7	0.888578
4903	1	0.888582
4904	2	0.888592
4905	13	0.888653
4906	6	0.888681
4907	6	0.88871
4908	5	0.888733
4909	2	0.888743
4910	6	0.888771
4911	4	0.88879
4912	4	0.888809
4913	3	0.888823
4916	1	0.888828
4943	1	0.888833
4972	1	0.888837
4973	2	0.888847
4974	5	0.888871
4975	9	0.888913
4976	3	0.888927
4977	4	0.888946
4978	2	0.888956
4979	3	0.88897
4982	2	0.888979
4984	5	0.889003
4985	3	0.889017
4986	2	0.889026
4987	9	0.889069
4988	7	0.889102
4989	2	0.889112
4990	3	0.889126
4991	2	0.889135
4992	1	0.88914
4993	1	0.889145
4995	1	0.889149
4996	1	0.889154
4998	1	0.889159
5000	1	0.889163
5001	3	0.889178
5005	5	0.889201
5006	4	0.88922
5007	2	0.88923
5016	1	0.889234
5017	1	0.889239
5018	2	0.889249
5019	3	0.889263
5020	1	0.889267
5021	1	0.889272
5023	5	0.889296
5024	1	0.889301
5025	1	0.889305
5048	1	0.88931
5053	1	0.889315
5071	1	0.889319
5081	1	0.889324
5083	2	0.889334
5084	1	0.889338
5095	1	0.889343
5096	1	0.889348
5097	1	0.889353
5129	2	0.889362
5142	1	0.889367
5147	4	0.889386
5148	3	0.8894
5149	5	0.889423
5151	1	0.889428
5153	1	0.889433
5155	1	0.889438
5156	1	0.889442
5157	1	0.889447
5159	1	0.889452
5160	1	0.889456
5162	3	0.889471
5163	1	0.889475
5164	1	0.88948
5172	2	0.88949
5175	1	0.889494
5179	2	0.889504
5180	1	0.889508
5185	1	0.889513
5188	1	0.889518
5190	1	0.889523
5192	2	0.889532
5193	2	0.889542
5195	2	0.889551
5198	1	0.889556
5201	1	0.88956
5202	4	0.889579
5203	1	0.889584
5204	2	0.889594
5205	2	0.889603
5206	1	0.889608
5208	6	0.889636
5209	2	0.889645
5212	2	0.889655
5219	1	0.88966
5220	1	0.889664
5221	1	0.889669
5222	1	0.889674
5225	1	0.889679
5231	47	0.889901
5232	196	0.890827
5233	309	0.892287
5234	580	0.895028
5235	442	0.897117
5236	611	0.900004
5237	666	0.903151
5238	939	0.907588
5239	551	0.910192
5240	531	0.912701
5241	723	0.916118
5242	381	0.917918
5243	128	0.918523
5244	154	0.919251
5245	71	0.919586
5246	212	0.920588
5247	237	0.921708
5248	155	0.92244
5249	96	0.922894
5250	90	0.923319
5251	128	0.923924
5252	177	0.924761
5253	231	0.925852
5254	123	0.926433
5255	14	0.9265
5273	1	0.926504
5283	2	0.926514
5285	1	0.926519
5307	1	0.926523
5314	1	0.926528
5323	1	0.926533
5330	1	0.926537
5342	1	0.926542
5348	1	0.926547
5354	1	0.926552
5368	1	0.926556
5391	1	0.926561
5393	2	0.926571
5402	1	0.926575
5405	1	0.92658
5412	1	0.926585
5417	1	0.926589
5438	1	0.926594
5439	4	0.926613
5440	2	0.926622
5441	2	0.926632
5442	1	0.926637
5462	1	0.926641
5464	1	0.926646
5465	1	0.926651
5467	1	0.926656
5470	1	0.92666
5474	1	0.926665
5475	1	0.92667
5476	1	0.926674
5480	1	0.926679
5523	1	0.926684
5524	1	0.926689
5531	1	0.926693
5560	1	0.926698
5563	2	0.926708
5574	1	0.926712
5601	1	0.926717
5626	1	0.926722
5629	1	0.926726
5636	1	0.926731
5646	1	0.926736
5647	1	0.926741
5650	1	0.926745
5651	1	0.92675
5658	1	0.926755
5663	1	0.92676
5669	1	0.926764
5670	1	0.926769
5694	1	0.926774
5713	1	0.926778
5714	2	0.926788
5717	1	0.926793
5742	1	0.926797
5752	1	0.926802
5799	1	0.926807
5812	2	0.926816
5847	1	0.926821
5855	1	0.926826
5866	1	0.92683
5890	1	0.926835
5916	1	0.92684
5924	1	0.926845
5945	1	0.926849
5959	1	0.926854
5987	1	0.926859
5998	1	0.926863
5999	1	0.926868
6003	1	0.926873
6006	1	0.926878
6021	1	0.926882
6034	1	0.926887
6041	1	0.926892
6047	1	0.926897
6063	1	0.926901
6085	1	0.926906
6089	1	0.926911
6105	1	0.926915
6108	1	0.92692
6125	1	0.926925
6128	1	0.92693
6137	1	0.926934
6146	1	0.926939
6150	1	0.926944
6153	1	0.926949
6154	1	0.926953
6160	1	0.926958
6172	1	0.926963
6177	1	0.926967
6182	1	0.926972
6211	1	0.926977
6223	1	0.926982
6226	1	0.926986
6245	1	0.926991
6284	1	0.926996
6286	1	0.927001
6291	2	0.92701
6292	1	0.927015
6296	1	0.927019
6301	1	0.927024
6316	1	0.927029
6320	1	0.927034
6344	1	0.927038
6347	2	0.927048
6380	1	0.927053
6391	1	0.927057
6401	1	0.927062
6404	1	0.927067
6420	1	0.927071
6421	1	0.927076
6427	1	0.927081
6433	1	0.927086
6434	1	0.92709
6435	1	0.927095
6438	1	0.9271
6440	1	0.927104
6456	1	0.927109
6458	1	0.927114
6471	1	0.927119
6485	1	0.927123
6497	1	0.927128
6504	1	0.927133
6508	1	0.927138
6509	31	0.927284
6510	68	0.927605
6511	113	0.928139
6512	71	0.928475
6513	191	0.929377
6514	279	0.930696
6515	315	0.932184
6516	393	0.934042
6517	263	0.935284
6518	170	0.936088
6519	105	0.936584
6520	91	0.937014
6521	80	0.937392
6522	86	0.937798
6523	147	0.938493
6524	50	0.938729
6525	58	0.939003
6526	49	0.939235
6527	17	0.939315
6529	3	0.939329
6530	1	0.939334
6531	3	0.939348
6532	3	0.939362
6534	1	0.939367
6535	4	0.939386
6536	5	0.93941
6537	14	0.939476
6538	49	0.939707
6539	47	0.939929
6540	74	0.940279
6541	7	0.940312
6542	1	0.940317
6543	14	0.940383
6544	16	0.940459
6545	16	0.940534
6546	3	0.940549
6547	19	0.940638
6548	38	0.940818
6549	28	0.94095
6551	21	0.941049
6552	51	0.94129
6553	32	0.941442
6554	27	0.941569
6555	3	0.941583
6556	1	0.941588
6557	35	0.941754
6558	26	0.941876
6559	17	0.941957
6560	51	0.942198
6561	15	0.942269
6562	4	0.942288
6564	2	0.942297
6565	22	0.942401
6566	63	0.942699
6567	12	0.942755
6568	78	0.943124
6569	10	0.943171
6570	55	0.943431
6571	27	0.943559
6572	41	0.943752
6573	21	0.943852
6574	75	0.944206
6575	44	0.944414
6576	21	0.944513
6577	18	0.944598
6578	5	0.944622
6579	34	0.944783
6580	39	0.944967
6581	15	0.945038
6582	48	0.945265
6583	24	0.945378
6584	40	0.945567
6585	62	0.94586
6586	19	0.94595
6587	4	0.945969
6588	54	0.946224
6589	42	0.946422
6590	14	0.946488
6597	2	0.946498
6599	1	0.946503
6600	1	0.946507
6601	3	0.946522
6602	12	0.946578
6603	12	0.946635
6604	19	0.946725
6605	22	0.946829
6606	20	0.946923
6607	8	0.946961
6608	3	0.946975
6609	1	0.94698
6610	10	0.947027
6611	3	0.947041
6612	7	0.947074
6613	6	0.947103
6614	3	0.947117
6615	4	0.947136
6616	5	0.94716
6618	5	0.947183
6619	1	0.947188
6621	2	0.947197
6622	6	0.947226
6623	11	0.947278
6625	1	0.947282
6627	1	0.947287
6628	1	0.947292
6629	4	0.947311
6630	9	0.947353
6632	8	0.947391
6633	2	0.947401
6636	2	0.94741
6638	2	0.947419
6639	2	0.947429
6640	3	0.947443
6641	11	0.947495
6644	2	0.947504
6646	1	0.947509
6647	2	0.947519
6648	2	0.947528
6650	1	0.947533
6653	4	0.947552
6654	20	0.947646
6657	2	0.947656
6658	1	0.94766
6660	3	0.947675
6661	3	0.947689
6662	3	0.947703
6663	1	0.947708
6665	2	0.947717
6669	5	0.947741
6672	1	0.947745
6673	3	0.94776
6674	2	0.947769
6676	3	0.947783
6678	5	0.947807
6679	10	0.947854
6680	2	0.947864
6681	7	0.947897
6682	3	0.947911
6683	2	0.94792
6684	8	0.947958
6685	1	0.947963
6686	1	0.947968
6687	5	0.947991
6689	3	0.948005
6690	4	0.948024
6691	1	0.948029
6692	1	0.948034
6693	1	0.948038
6695	39	0.948223
6696	14	0.948289
6697	23	0.948398
6698	4	0.948416
6699	37	0.948591
6700	3	0.948606
6701	42	0.948804
6702	8	0.948842
6703	67	0.949158
6704	12	0.949215
6706	5	0.949239
6707	16	0.949314
6708	19	0.949404
6709	21	0.949503
6710	58	0.949777
6711	25	0.949896
6712	4	0.949914
6713	20	0.950009
6714	45	0.950222
6715	53	0.950472
6716	30	0.950614
6717	12	0.950671
6718	6	0.950699
6720	30	0.950841
6721	45	0.951053
6722	14	0.951119
6723	6	0.951148
6724	4	0.951167
6725	9	0.951209
6726	3	0.951223
6727	7	0.951257
6728	5	0.95128
6729	4	0.951299
6731	4	0.951318
6732	8	0.951356
6733	4	0.951375
6734	6	0.951403
6735	26	0.951526
6736	73	0.951871
6737	80	0.952249
6738	58	0.952523
6739	3	0.952537
6740	9	0.95258
6741	22	0.952684
6742	20	0.952778
6743	25	0.952896
6744	28	0.953029
6745	23	0.953137
6746	3	0.953151
6747	3	0.953166
6748	14	0.953232
6749	10	0.953279
6750	20	0.953374
6752	3	0.953388
6753	21	0.953487
6754	20	0.953581
6756	55	0.953841
6757	9	0.953884
6758	16	0.953959
6759	7	0.953993
6760	1	0.953997
6761	20	0.954092
6762	46	0.954309
6763	12	0.954366
6764	13	0.954427
6765	7	0.95446
6766	23	0.954569
6767	12	0.954626
6768	11	0.954678
6769	34	0.954838
6770	13	0.9549
6771	23	0.955009
6772	6	0.955037
6773	8	0.955075
6774	7	0.955108
6775	29	0.955245
6776	14	0.955311
6777	26	0.955434
6778	35	0.955599
6779	27	0.955727
6780	21	0.955826
6781	71	0.956162
6782	15	0.956232
6783	6	0.956261
6784	49	0.956492
6785	10	0.95654
6786	7	0.956573
6787	55	0.956833
6788	18	0.956918
6789	11	0.95697
6790	46	0.957187
6792	2	0.957196
6793	18	0.957282
6794	26	0.957404
6795	33	0.95756
6797	1	0.957565
6798	17	0.957645
6799	6	0.957674
6801	9	0.957716
6802	13	0.957778
6803	8	0.957815
6804	23	0.957924
6805	155	0.958657
6806	79	0.95903
6807	52	0.959276
6808	24	0.959389
6809	30	0.959531
6810	3	0.959545
6812	1	0.95955
6813	19	0.95964
6814	51	0.959881
6815	7	0.959914
6816	14	0.95998
6817	10	0.960027
6818	5	0.960051
6819	7	0.960084
6820	11	0.960136
6821	45	0.960348
6822	15	0.960419
6823	1	0.960424
6824	13	0.960485
6825	15	0.960556
6826	6	0.960585
6827	27	0.960712
6828	29	0.960849
6829	40	0.961038
6830	36	0.961208
6831	23	0.961317
6832	30	0.961459
6835	2	0.961468
6836	2	0.961478
6837	2	0.961487
6839	1	0.961492
6840	9	0.961534
6841	2	0.961544
6843	7	0.961577
6844	12	0.961634
6845	12	0.96169
6846	6	0.961719
6847	1	0.961723
6848	43	0.961927
6849	19	0.962016
6850	11	0.962068
6851	8	0.962106
6852	1	0.962111
6853	2	0.96212
6854	1	0.962125
6855	3	0.962139
6856	57	0.962409
6857	8	0.962446
6858	8	0.962484
6859	15	0.962555
6860	23	0.962664
6861	44	0.962872
6862	3	0.962886
6865	3	0.9629
6866	7	0.962933
6867	2	0.962943
6868	7	0.962976
6869	1	0.96298
6876	3	0.962995
6878	3	0.963009
6880	4	0.963028
6881	9	0.96307
6882	18	0.963155
6884	3	0.963169
6885	14	0.963236
6886	16	0.963311
6887	4	0.96333
6888	13	0.963392
6889	4	0.96341
6890	56	0.963675
6891	52	0.963921
6892	47	0.964143
6893	58	0.964417
6894	8	0.964455
6895	29	0.964592
6896	10	0.964639
6897	38	0.964819
6898	1	0.964823
6899	11	0.964875
6900	21	0.964975
6901	9	0.965017
6902	14	0.965083
6903	16	0.965159
6904	2	0.965168
6905	76	0.965528
6906	8	0.965565
6907	22	0.965669
6908	22	0.965773
6909	20	0.965868
6910	13	0.965929
6911	19	0.966019
6912	47	0.966241
6913	32	0.966392
6914	79	0.966766
6915	159	0.967517
6916	104	0.968008
6917	70	0.968339
6918	28	0.968471
6919	5	0.968495
6920	4	0.968514
6921	8	0.968552
6922	36	0.968722
6923	19	0.968812
6924	4	0.968831
6926	1	0.968835
6931	1	0.96884
6935	2	0.96885
6937	4	0.968868
6938	12	0.968925
6939	8	0.968963
6940	1	0.968968
6941	40	0.969157
6942	16	0.969232
6943	24	0.969346
6944	10	0.969393
6945	33	0.969549
6946	18	0.969634
6947	6	0.969662
6948	15	0.969733
6949	2	0.969743
6950	10	0.96979
6951	32	0.969941
6952	9	0.969984
6953	15	0.970055
6956	5	0.970078
6957	49	0.97031
6958	20	0.970404
6959	12	0.970461
6960	17	0.970541
6961	66	0.970853
6962	37	0.971028
6963	2	0.971037
6965	17	0.971118
6966	9	0.97116
6967	17	0.971241
6969	20	0.971335
6970	50	0.971571
6971	31	0.971718
6972	12	0.971775
6973	16	0.97185
6974	45	0.972063
6975	15	0.972134
6976	24	0.972247
6977	3	0.972261
6978	42	0.97246
6979	42	0.972658
6980	25	0.972776
6981	63	0.973074
6982	11	0.973126
6983	19	0.973216
6984	14	0.973282
6985	2	0.973291
6986	6	0.97332
6987	16	0.973395
6988	35	0.973561
6989	4	0.97358
6990	15	0.973651
6991	20	0.973745
6993	13	0.973807
6994	4	0.973825
6995	9	0.973868
6996	5	0.973892
6997	14	0.973958
6998	28	0.97409
6999	29	0.974227
7000	46	0.974445
7001	11	0.974496
7002	5	0.97452
7003	8	0.974558
7004	37	0.974733
7005	1	0.974737
7006	21	0.974837
7007	1	0.974841
7008	15	0.974912
7009	7	0.974945
7010	5	0.974969
7011	7	0.975002
7012	5	0.975026
7013	15	0.975097
7014	5	0.97512
7015	8	0.975158
7016	25	0.975276
7017	28	0.975409
7018	3	0.975423
7021	26	0.975546
7022	2	0.975555
7023	11	0.975607
7024	7	0.97564
7025	5	0.975664
7026	3	0.975678
7027	6	0.975706
7028	4	0.975725
7029	1	0.97573
7031	3	0.975744
7032	8	0.975782
7033	42	0.97598
7034	31	0.976127
7035	15	0.976198
7036	1	0.976202
7037	1	0.976207
7038	1	0.976212
7039	1	0.976217
7041	1	0.976221
7044	3	0.976235
7045	1	0.97624
7046	4	0.976259
7059	1	0.976264
7079	1	0.976269
7141	1	0.976273
7202	1	0.976278
7219	1	0.976283
7378	1	0.976287
7496	1	0.976292
7739	1	0.976297
7836	1	0.976302
8125	1	0.976306
8157	1	0.976311
8158	1	0.976316
8182	1	0.976321
8278	1	0.976325
8579	1	0.97633
8643	1	0.976335
8942	1	0.976339
9323	1	0.976344
9416	1	0.976349
9438	1	0.976354
9451	1	0.976358
9609	1	0.976363
9645	1	0.976368
9652	1	0.976373
9803	3	0.976387
9804	4	0.976406
9805	3	0.97642
9806	2	0.976429
9807	3	0.976443
9808	4	0.976462
9809	5	0.976486
9810	4	0.976505
9811	1	0.97651
9812	1	0.976514
9813	1	0.976519
9814	1	0.976524
9881	1	0.976528
9999	1	0.976533
10084	1	0.976538
10115	1	0.976543
10124	1	0.976547
10127	1	0.976552
10129	1	0.976557
10157	1	0.976562
10158	1	0.976566
10173	1	0.976571
10185	1	0.976576
10195	1	0.97658
10204	1	0.976585
10213	1	0.97659
10227	1	0.976595
10233	1	0.976599
10280	1	0.976604
10408	1	0.976609
10429	1	0.976614
10457	1	0.976618
10470	28	0.976751
10471	50	0.976987
10472	85	0.977389
10473	146	0.978078
10474	80	0.978456
10475	329	0.980011
10476	294	0.9814
10477	71	0.981736
10478	115	0.982279
10479	67	0.982596
10480	219	0.983631
10481	280	0.984954
10482	214	0.985965
10483	56	0.98623
10484	23	0.986339
10485	87	0.98675
10486	107	0.987255
10487	225	0.988319
10488	118	0.988876
10489	1	0.988881
10491	1	0.988886
10515	2	0.988895
10559	1	0.9889
10577	1	0.988905
10671	1	0.988909
10803	1	0.988914
11090	1	0.988919
11678	1	0.988923
11922	1	0.988928
12145	1	0.988933
12224	1	0.988938
12564	1	0.988942
12654	1	0.988947
12979	1	0.988952
13028	1	0.988957
13103	3	0.988971
13106	1	0.988975
13107	3	0.98899
13115	1	0.988994
13119	1	0.988999
13120	1	0.989004
13122	1	0.989008
13123	1	0.989013
13124	1	0.989018
13125	1	0.989023
13127	1	0.989027
13128	3	0.989042
13129	1	0.989046
13130	2	0.989056
13131	2	0.989065
13132	2	0.989075
13137	5	0.989098
13141	1	0.989103
13142	7	0.989136
13146	2	0.989146
13147	3	0.98916
13148	8	0.989198
13149	1	0.989202
13150	2	0.989212
13153	2	0.989221
13156	1	0.989226
13157	10	0.989273
13164	1	0.989278
13165	1	0.989283
13170	13	0.989344
13173	2	0.989353
13176	1	0.989358
13178	1	0.989363
13182	2	0.989372
13185	3	0.989387
13186	1	0.989391
13189	1	0.989396
13193	2	0.989405
13195	1	0.98941
13197	2	0.98942
13200	3	0.989434
13202	1	0.989439
13205	1	0.989443
13207	3	0.989457
13210	1	0.989462
13212	1	0.989467
13213	1	0.989472
13216	1	0.989476
13217	4	0.989495
13219	10	0.989542
13220	13	0.989604
13221	7	0.989637
13222	15	0.989708
13223	23	0.989817
13224	15	0.989887
13225	4	0.989906
13226	3	0.989921
13227	1	0.989925
13229	1	0.98993
13230	2	0.989939
13231	9	0.989982
13232	3	0.989996
13233	4	0.990015
13234	4	0.990034
13235	1	0.990039
13237	7	0.990072
13238	8	0.99011
13239	8	0.990147
13240	4	0.990166
13241	1	0.990171
13245	1	0.990176
13246	2	0.990185
13247	4	0.990204
13248	11	0.990256
13249	13	0.990317
13252	9	0.99036
13253	6	0.990388
13254	5	0.990412
13255	1	0.990417
13256	1	0.990421
13257	4	0.99044
13259	5	0.990464
13260	1	0.990469
13261	5	0.990492
13262	9	0.990535
13263	2	0.990544
13264	2	0.990554
13267	4	0.990573
13269	1	0.990577
13270	2	0.990587
13271	1	0.990592
13272	1	0.990596
13273	7	0.990629
13275	9	0.990672
13276	12	0.990729
13277	3	0.990743
13278	8	0.990781
13279	5	0.990804
13280	6	0.990833
13281	3	0.990847
13283	1	0.990851
13284	5	0.990875
13285	3	0.990889
13286	7	0.990922
13287	3	0.990936
13288	5	0.99096
13289	12	0.991017
13290	11	0.991069
13291	6	0.991097
13292	5	0.991121
13293	2	0.99113
13295	1	0.991135
13296	1	0.99114
13298	1	0.991144
13299	27	0.991272
13300	2	0.991281
13301	4	0.9913
13302	2	0.99131
13304	6	0.991338
13305	4	0.991357
13306	5	0.991381
13311	1	0.991385
13312	9	0.991428
13313	3	0.991442
13314	1	0.991447
13315	1	0.991452
13316	7	0.991485
13317	6	0.991513
13318	1	0.991518
13319	2	0.991527
13320	1	0.991532
13321	2	0.991541
13322	13	0.991603
13323	6	0.991631
13324	3	0.991645
13325	8	0.991683
13326	1	0.991688
13327	5	0.991711
13328	1	0.991716
13329	2	0.991726
13330	7	0.991759
13331	1	0.991763
13332	8	0.991801
13333	4	0.99182
13334	1	0.991825
13336	1	0.99183
13337	10	0.991877
13338	23	0.991986
13339	7	0.992019
13341	1	0.992023
13342	2	0.992033
13343	3	0.992047
13344	5	0.992071
13345	6	0.992099
13346	10	0.992146
13347	31	0.992293
13348	16	0.992368
13350	9	0.992411
13351	4	0.99243
13352	2	0.992439
13353	3	0.992453
13354	4	0.992472
13355	3	0.992486
13356	30	0.992628
13357	8	0.992666
13358	6	0.992694
13359	1	0.992699
13360	3	0.992713
13364	4	0.992732
13365	3	0.992746
13366	6	0.992775
13368	13	0.992836
13369	15	0.992907
13370	3	0.992921
13371	14	0.992987
13372	5	0.993011
13373	3	0.993025
13374	2	0.993035
13375	10	0.993082
13377	1	0.993087
13378	8	0.993124
13379	2	0.993134
13380	1	0.993139
13382	19	0.993228
13383	4	0.993247
13385	4	0.993266
13386	1	0.993271
13387	6	0.993299
13388	7	0.993332
13389	6	0.993361
13396	1	0.993365
13400	3	0.99338
13402	5	0.993403
13403	1	0.993408
13404	1	0.993413
13405	1	0.993417
13407	1	0.993422
13409	1	0.993427
13414	1	0.993432
13416	1	0.993436
13417	3	0.99345
13419	7	0.993484
13421	4	0.993502
13422	2	0.993512
13424	1	0.993517
13426	6	0.993545
13427	7	0.993578
13428	1	0.993583
13430	25	0.993701
13431	8	0.993739
13432	26	0.993862
13433	13	0.993923
13434	18	0.994008
13435	7	0.994041
13437	15	0.994112
13439	4	0.994131
13440	4	0.99415
13441	7	0.994183
13443	19	0.994273
13444	16	0.994348
13445	21	0.994448
13451	5	0.994471
13452	1	0.994476
13454	2	0.994485
13460	3	0.9945
13465	1	0.994504
13466	1	0.994509
13467	2	0.994518
13469	1	0.994523
13475	4	0.994542
13476	23	0.994651
13477	3	0.994665
13480	9	0.994707
13481	3	0.994722
13482	11	0.994774
13483	3	0.994788
13484	12	0.994844
13485	29	0.994982
13486	17	0.995062
13487	12	0.995119
13488	1	0.995123
13489	9	0.995166
13490	4	0.995185
13491	7	0.995218
13492	34	0.995378
13493	3	0.995393
13494	18	0.995478
13495	5	0.995501
13496	7	0.995534
13497	4	0.995553
13498	15	0.995624
13499	12	0.995681
13500	17	0.995761
13501	2	0.995771
13503	1	0.995775
13513	1	0.99578
13514	2	0.99579
13515	29	0.995927
13516	24	0.99604
13517	2	0.996049
13518	10	0.996097
13519	8	0.996135
13520	24	0.996248
13521	3	0.996262
13522	34	0.996423
13523	23	0.996531
13524	17	0.996612
13527	16	0.996687
13528	20	0.996782
13529	13	0.996843
13530	7	0.996876
13532	11	0.996928
13533	11	0.99698
13534	36	0.997151
13535	12	0.997207
13536	7	0.99724
13537	3	0.997254
13538	1	0.997259
13539	30	0.997401
13540	4	0.99742
13541	11	0.997472
13542	13	0.997533
13543	20	0.997628
13544	2	0.997637
13545	3	0.997651
13546	11	0.997703
13548	9	0.997746
13549	7	0.997779
13550	1	0.997784
13551	1	0.997788
13552	1	0.997793
13553	13	0.997855
13554	31	0.998001
13555	14	0.998067
13557	5	0.998091
13558	6	0.998119
13559	4	0.998138
13560	6	0.998167
13561	1	0.998171
13562	23	0.99828
13564	3	0.998294
13565	2	0.998304
13572	7	0.998337
13573	4	0.998356
13574	1	0.99836
13575	4	0.998379
13576	3	0.998393
13577	3	0.998408
13578	9	0.99845
13579	1	0.998455
13580	2	0.998464
13581	3	0.998478
13582	14	0.998545
13583	10	0.998592
13584	3	0.998606
13585	26	0.998729
13586	18	0.998814
13587	39	0.998998
13588	11	0.99905
13590	16	0.999126
13591	7	0.999159
13593	3	0.999173
13594	14	0.999239
13595	15	0.99931
13596	27	0.999438
13597	19	0.999527
13598	3	0.999542
13601	10	0.999589
13602	3	0.999603
13603	2	0.999613
13604	3	0.999627
13607	2	0.999636
13608	3	0.99965
13609	3	0.999664
13610	1	0.999669
13611	2	0.999679
13615	3	0.999693
13616	13	0.999754
13617	28	0.999887
13618	5	0.99991
13619	4	0.999929
13620	2	0.999939
13621	1	0.999943
13623	1	0.999948
13624	1	0.999953
13629	1	0.999957
13630	2	0.999967
13820	1	0.999972
13882	1	0.999976
14002	1	0.999981
15029	1	0.999986
15159	1	0.999991
15351	1	0.999995
16393	1	1
