#reverse_pos	count	cdf
0	405628	0.422614
1	156084	0.585234
2	85816	0.674644
3	50459	0.727216
4	32979	0.761576
5	29649	0.792467
6	19816	0.813112
7	17473	0.831317
8	14741	0.846675
9	11402	0.858555
10	9565	0.86852
11	8861	0.877753
12	7431	0.885495
13	6877	0.89266
14	5855	0.89876
15	5222	0.904201
16	4635	0.90903
17	4029	0.913227
18	3772	0.917157
19	3552	0.920858
20	3291	0.924287
21	3032	0.927446
22	2682	0.93024
23	2406	0.932747
24	2392	0.935239
25	1991	0.937313
26	1817	0.939207
27	1829	0.941112
28	1675	0.942857
29	1573	0.944496
30	1498	0.946057
31	1381	0.947496
32	1236	0.948783
33	1250	0.950086
34	1139	0.951272
35	1076	0.952394
36	1022	0.953458
37	1052	0.954554
38	930	0.955523
39	921	0.956483
40	908	0.957429
41	847	0.958311
42	801	0.959146
43	755	0.959933
44	733	0.960696
45	762	0.96149
46	730	0.962251
47	686	0.962965
48	610	0.963601
49	580	0.964205
50	587	0.964817
51	569	0.96541
52	617	0.966053
53	577	0.966654
54	508	0.967183
55	445	0.967647
56	458	0.968124
57	492	0.968636
58	454	0.969109
59	425	0.969552
60	422	0.969992
61	430	0.97044
62	404	0.970861
63	406	0.971284
64	361	0.97166
65	376	0.972052
66	331	0.972397
67	345	0.972756
68	351	0.973122
69	307	0.973442
70	339	0.973795
71	294	0.974101
72	315	0.974429
73	254	0.974694
74	287	0.974993
75	278	0.975283
76	250	0.975543
77	255	0.975809
78	266	0.976086
79	240	0.976336
80	238	0.976584
81	246	0.97684
82	226	0.977076
83	239	0.977325
84	246	0.977581
85	220	0.97781
86	221	0.97804
87	200	0.978249
88	197	0.978454
89	205	0.978668
90	202	0.978878
91	183	0.979069
92	191	0.979268
93	200	0.979476
94	187	0.979671
95	166	0.979844
96	188	0.98004
97	156	0.980202
98	130	0.980338
99	172	0.980517
100	183	0.980708
101	146	0.98086
102	169	0.981036
103	142	0.981184
104	146	0.981336
105	151	0.981493
106	120	0.981618
107	136	0.98176
108	155	0.981921
109	135	0.982062
110	106	0.982172
111	128	0.982306
112	127	0.982438
113	111	0.982554
114	119	0.982678
115	116	0.982799
116	113	0.982916
117	105	0.983026
118	129	0.98316
119	123	0.983288
120	94	0.983386
121	100	0.98349
122	101	0.983596
123	102	0.983702
124	95	0.983801
125	103	0.983908
126	100	0.984012
127	91	0.984107
128	92	0.984203
129	83	0.98429
130	97	0.984391
131	91	0.984485
132	89	0.984578
133	94	0.984676
134	93	0.984773
135	90	0.984867
136	60	0.984929
137	101	0.985034
138	79	0.985117
139	79	0.985199
140	80	0.985282
141	80	0.985366
142	81	0.98545
143	76	0.985529
144	73	0.985605
145	78	0.985687
146	73	0.985763
147	67	0.985833
148	71	0.985907
149	60	0.985969
150	69	0.986041
151	75	0.986119
152	57	0.986178
153	84	0.986266
154	71	0.98634
155	62	0.986405
156	83	0.986491
157	60	0.986554
158	68	0.986624
159	66	0.986693
160	59	0.986755
161	63	0.98682
162	68	0.986891
163	70	0.986964
164	68	0.987035
165	72	0.98711
166	70	0.987183
167	82	0.987268
168	66	0.987337
169	58	0.987397
170	74	0.987475
171	57	0.987534
172	48	0.987584
173	53	0.987639
174	54	0.987695
175	63	0.987761
176	64	0.987828
177	63	0.987893
178	50	0.987945
179	53	0.988001
180	45	0.988048
181	54	0.988104
182	61	0.988167
183	46	0.988215
184	49	0.988266
185	55	0.988324
186	48	0.988374
187	54	0.98843
188	52	0.988484
189	46	0.988532
190	52	0.988586
191	57	0.988646
192	55	0.988703
193	43	0.988748
194	45	0.988795
195	44	0.98884
196	40	0.988882
197	51	0.988935
198	47	0.988984
199	47	0.989033
200	44	0.989079
201	38	0.989119
202	49	0.98917
203	41	0.989212
204	44	0.989258
205	40	0.9893
206	32	0.989333
207	46	0.989381
208	38	0.989421
209	30	0.989452
210	42	0.989496
211	46	0.989544
212	50	0.989596
213	46	0.989644
214	29	0.989674
215	33	0.989708
216	44	0.989754
217	32	0.989788
218	31	0.98982
219	45	0.989867
220	39	0.989907
221	34	0.989943
222	32	0.989976
223	29	0.990006
224	25	0.990032
225	30	0.990064
226	48	0.990114
227	33	0.990148
228	27	0.990176
229	29	0.990206
230	28	0.990236
231	38	0.990275
232	30	0.990306
233	43	0.990351
234	38	0.990391
235	28	0.99042
236	31	0.990452
237	25	0.990478
238	28	0.990507
239	24	0.990532
240	35	0.990569
241	26	0.990596
242	28	0.990625
243	32	0.990659
244	25	0.990685
245	29	0.990715
246	24	0.99074
247	28	0.990769
248	33	0.990803
249	36	0.990841
250	23	0.990865
251	30	0.990896
252	28	0.990925
253	32	0.990959
254	18	0.990977
255	25	0.991003
256	26	0.99103
257	18	0.991049
258	28	0.991078
259	18	0.991097
260	23	0.991121
261	24	0.991146
262	26	0.991173
263	26	0.9912
264	28	0.991229
265	20	0.99125
266	20	0.991271
267	23	0.991295
268	24	0.99132
269	33	0.991355
270	17	0.991372
271	17	0.99139
272	20	0.991411
273	25	0.991437
274	28	0.991466
275	20	0.991487
276	28	0.991516
277	33	0.99155
278	26	0.991577
279	22	0.9916
280	30	0.991632
281	21	0.991654
282	26	0.991681
283	25	0.991707
284	29	0.991737
285	25	0.991763
286	32	0.991796
287	29	0.991826
288	22	0.991849
289	19	0.991869
290	20	0.99189
291	21	0.991912
292	20	0.991933
293	27	0.991961
294	26	0.991988
295	27	0.992016
296	25	0.992042
297	24	0.992067
298	20	0.992088
299	21	0.99211
300	23	0.992134
301	22	0.992157
302	29	0.992187
303	21	0.992209
304	25	0.992235
305	28	0.992264
306	22	0.992287
307	18	0.992306
308	18	0.992324
309	26	0.992352
310	17	0.992369
311	11	0.992381
312	20	0.992402
313	17	0.992419
314	28	0.992448
315	15	0.992464
316	17	0.992482
317	25	0.992508
318	20	0.992529
319	26	0.992556
320	33	0.99259
321	26	0.992617
322	16	0.992634
323	26	0.992661
324	19	0.992681
325	27	0.992709
326	19	0.992729
327	23	0.992753
328	18	0.992771
329	22	0.992794
330	18	0.992813
331	20	0.992834
332	10	0.992844
333	20	0.992865
334	26	0.992892
335	17	0.99291
336	20	0.992931
337	21	0.992953
338	14	0.992967
339	13	0.992981
340	21	0.993003
341	17	0.99302
342	19	0.99304
343	14	0.993055
344	17	0.993073
345	18	0.993091
346	23	0.993115
347	19	0.993135
348	15	0.993151
349	7	0.993158
350	14	0.993173
351	22	0.993196
352	16	0.993212
353	26	0.993239
354	15	0.993255
355	17	0.993273
356	11	0.993284
357	13	0.993298
358	14	0.993312
359	22	0.993335
360	27	0.993363
361	13	0.993377
362	23	0.993401
363	10	0.993411
364	13	0.993425
365	13	0.993438
366	17	0.993456
367	15	0.993472
368	12	0.993484
369	20	0.993505
370	22	0.993528
371	21	0.99355
372	18	0.993568
373	9	0.993578
374	12	0.99359
375	14	0.993605
376	18	0.993624
377	14	0.993638
378	8	0.993647
379	13	0.99366
380	13	0.993674
381	12	0.993686
382	15	0.993702
383	19	0.993722
384	20	0.993742
385	21	0.993764
386	12	0.993777
387	14	0.993791
388	19	0.993811
389	10	0.993822
390	11	0.993833
391	14	0.993848
392	18	0.993866
393	16	0.993883
394	15	0.993899
395	9	0.993908
396	20	0.993929
397	18	0.993948
398	12	0.99396
399	8	0.993969
400	13	0.993982
401	17	0.994
402	13	0.994013
403	12	0.994026
404	14	0.99404
405	12	0.994053
406	9	0.994062
407	11	0.994074
408	6	0.99408
409	16	0.994097
410	15	0.994112
411	16	0.994129
412	12	0.994142
413	7	0.994149
414	9	0.994158
415	13	0.994172
416	9	0.994181
417	12	0.994194
418	13	0.994207
419	14	0.994222
420	7	0.994229
421	7	0.994236
422	13	0.99425
423	20	0.994271
424	14	0.994285
425	15	0.994301
426	19	0.994321
427	15	0.994336
428	17	0.994354
429	14	0.994369
430	15	0.994384
431	14	0.994399
432	14	0.994413
433	10	0.994424
434	10	0.994434
435	12	0.994447
436	17	0.994465
437	14	0.994479
438	13	0.994493
439	18	0.994511
440	14	0.994526
441	13	0.99454
442	9	0.994549
443	9	0.994558
444	12	0.994571
445	14	0.994585
446	12	0.994598
447	20	0.994619
448	14	0.994633
449	19	0.994653
450	13	0.994667
451	13	0.99468
452	21	0.994702
453	12	0.994715
454	16	0.994731
455	13	0.994745
456	13	0.994758
457	10	0.994769
458	17	0.994786
459	10	0.994797
460	15	0.994812
461	14	0.994827
462	13	0.994841
463	10	0.994851
464	11	0.994863
465	13	0.994876
466	17	0.994894
467	9	0.994903
468	13	0.994917
469	12	0.994929
470	9	0.994939
471	15	0.994954
472	9	0.994964
473	11	0.994975
474	12	0.994988
475	12	0.995
476	15	0.995016
477	9	0.995025
478	17	0.995043
479	13	0.995056
480	14	0.995071
481	12	0.995083
482	15	0.995099
483	14	0.995114
484	7	0.995121
485	12	0.995133
486	12	0.995146
487	8	0.995154
488	12	0.995167
489	8	0.995175
490	11	0.995187
491	9	0.995196
492	4	0.9952
493	9	0.995209
494	6	0.995216
495	14	0.99523
496	10	0.995241
497	16	0.995257
498	10	0.995268
499	10	0.995278
500	11	0.99529
501	13	0.995303
502	12	0.995316
503	4	0.99532
504	10	0.99533
505	23	0.995354
506	3	0.995357
507	11	0.995369
508	10	0.995379
509	10	0.99539
510	4	0.995394
511	8	0.995402
512	8	0.995411
513	12	0.995423
514	5	0.995428
515	18	0.995447
516	10	0.995457
517	12	0.99547
518	10	0.99548
519	7	0.995488
520	10	0.995498
521	7	0.995505
522	10	0.995516
523	10	0.995526
524	4	0.99553
525	8	0.995539
526	12	0.995551
527	3	0.995554
528	8	0.995563
529	8	0.995571
530	14	0.995586
531	16	0.995602
532	11	0.995614
533	12	0.995626
534	11	0.995638
535	8	0.995646
536	4	0.99565
537	6	0.995656
538	12	0.995669
539	9	0.995678
540	7	0.995686
541	7	0.995693
542	9	0.995702
543	11	0.995714
544	6	0.99572
545	14	0.995735
546	6	0.995741
547	6	0.995747
548	10	0.995757
549	15	0.995773
550	5	0.995778
551	4	0.995782
552	9	0.995792
553	9	0.995801
554	9	0.995811
555	13	0.995824
556	2	0.995826
557	15	0.995842
558	9	0.995851
559	8	0.99586
560	9	0.995869
561	10	0.995879
562	13	0.995893
563	4	0.995897
564	7	0.995904
565	6	0.995911
566	8	0.995919
567	11	0.99593
568	7	0.995938
569	10	0.995948
570	12	0.995961
571	5	0.995966
572	5	0.995971
573	7	0.995978
574	5	0.995984
575	5	0.995989
576	9	0.995998
577	13	0.996012
578	7	0.996019
579	5	0.996024
580	7	0.996031
581	5	0.996037
582	4	0.996041
583	14	0.996055
584	14	0.99607
585	13	0.996084
586	11	0.996095
587	4	0.996099
588	14	0.996114
589	9	0.996123
590	7	0.99613
591	12	0.996143
592	10	0.996153
593	11	0.996165
594	4	0.996169
595	9	0.996178
596	7	0.996186
597	5	0.996191
598	12	0.996203
599	10	0.996214
600	10	0.996224
601	6	0.99623
602	2	0.996233
603	6	0.996239
604	5	0.996244
605	3	0.996247
606	10	0.996258
607	10	0.996268
608	8	0.996276
609	6	0.996283
610	8	0.996291
611	8	0.996299
612	6	0.996306
613	5	0.996311
614	5	0.996316
615	2	0.996318
616	7	0.996325
617	11	0.996337
618	3	0.99634
619	3	0.996343
620	5	0.996348
621	9	0.996358
622	3	0.996361
623	6	0.996367
624	5	0.996372
625	7	0.996379
626	5	0.996385
627	8	0.996393
628	6	0.996399
629	5	0.996404
630	9	0.996414
631	8	0.996422
632	5	0.996427
633	4	0.996432
634	4	0.996436
635	5	0.996441
636	9	0.99645
637	4	0.996454
638	9	0.996464
639	3	0.996467
640	6	0.996473
641	3	0.996476
642	1	0.996477
643	4	0.996482
644	7	0.996489
645	11	0.9965
646	8	0.996509
647	6	0.996515
648	7	0.996522
649	3	0.996525
650	9	0.996535
651	2	0.996537
652	10	0.996547
653	3	0.99655
654	11	0.996562
655	6	0.996568
656	3	0.996571
657	7	0.996578
658	7	0.996586
659	5	0.996591
660	10	0.996601
661	8	0.99661
662	4	0.996614
663	9	0.996623
664	6	0.99663
665	4	0.996634
666	7	0.996641
667	3	0.996644
668	7	0.996651
669	9	0.996661
670	6	0.996667
671	3	0.99667
672	4	0.996674
673	1	0.996675
674	5	0.996681
675	10	0.996691
676	4	0.996695
677	9	0.996705
678	3	0.996708
679	6	0.996714
680	9	0.996723
681	3	0.996726
682	3	0.99673
683	2	0.996732
684	6	0.996738
685	4	0.996742
686	4	0.996746
687	3	0.996749
688	6	0.996756
689	5	0.996761
690	2	0.996763
691	3	0.996766
692	6	0.996772
693	6	0.996779
694	5	0.996784
695	8	0.996792
696	4	0.996796
697	2	0.996798
698	10	0.996809
699	11	0.99682
700	7	0.996827
701	4	0.996832
702	4	0.996836
703	2	0.996838
704	2	0.99684
705	8	0.996848
706	6	0.996855
707	6	0.996861
708	5	0.996866
709	6	0.996872
710	3	0.996875
711	3	0.996879
712	5	0.996884
713	5	0.996889
714	6	0.996895
715	1	0.996896
716	5	0.996901
717	6	0.996908
718	5	0.996913
719	5	0.996918
720	7	0.996925
721	5	0.996931
722	3	0.996934
723	5	0.996939
724	5	0.996944
725	3	0.996947
727	3	0.99695
728	9	0.99696
729	5	0.996965
730	7	0.996972
731	4	0.996976
732	4	0.996981
733	7	0.996988
734	5	0.996993
735	4	0.996997
736	6	0.997004
737	3	0.997007
738	3	0.99701
739	4	0.997014
740	3	0.997017
741	1	0.997018
742	2	0.99702
743	6	0.997026
744	2	0.997029
745	5	0.997034
746	3	0.997037
747	8	0.997045
748	5	0.99705
749	3	0.997054
750	9	0.997063
751	6	0.997069
752	9	0.997079
753	4	0.997083
754	3	0.997086
755	5	0.997091
756	5	0.997096
757	2	0.997098
758	5	0.997104
759	5	0.997109
760	5	0.997114
761	4	0.997118
762	3	0.997121
763	6	0.997128
765	6	0.997134
766	6	0.99714
767	6	0.997146
768	1	0.997147
769	8	0.997156
770	7	0.997163
771	8	0.997171
772	5	0.997177
773	4	0.997181
774	1	0.997182
775	10	0.997192
776	3	0.997195
777	8	0.997204
778	3	0.997207
779	4	0.997211
780	6	0.997217
781	4	0.997221
782	4	0.997225
783	7	0.997233
784	3	0.997236
785	6	0.997242
786	2	0.997244
787	4	0.997248
788	4	0.997253
789	2	0.997255
790	6	0.997261
791	3	0.997264
792	5	0.997269
793	3	0.997272
794	10	0.997283
795	3	0.997286
796	3	0.997289
797	5	0.997294
798	6	0.9973
799	4	0.997305
800	3	0.997308
801	5	0.997313
802	6	0.997319
803	5	0.997324
804	4	0.997329
805	5	0.997334
806	3	0.997337
807	5	0.997342
808	6	0.997348
809	9	0.997358
810	1	0.997359
811	1	0.99736
812	5	0.997365
813	8	0.997373
814	3	0.997377
815	3	0.99738
816	3	0.997383
817	5	0.997388
818	5	0.997393
819	5	0.997398
820	2	0.997401
821	4	0.997405
822	14	0.997419
823	2	0.997421
824	4	0.997426
825	2	0.997428
826	3	0.997431
827	2	0.997433
828	1	0.997434
829	3	0.997437
830	3	0.99744
831	4	0.997444
832	2	0.997446
833	11	0.997458
834	3	0.997461
835	6	0.997467
836	8	0.997476
839	3	0.997479
840	2	0.997481
841	4	0.997485
842	3	0.997488
843	5	0.997493
844	3	0.997496
845	3	0.997499
846	2	0.997502
847	3	0.997505
848	5	0.99751
849	3	0.997513
850	3	0.997516
851	5	0.997521
852	6	0.997528
853	7	0.997535
854	7	0.997542
855	3	0.997545
856	3	0.997548
857	6	0.997555
858	4	0.997559
859	9	0.997568
860	2	0.99757
861	4	0.997575
862	3	0.997578
863	1	0.997579
864	5	0.997584
865	3	0.997587
866	2	0.997589
867	3	0.997592
868	4	0.997596
870	8	0.997605
871	6	0.997611
872	5	0.997616
873	3	0.997619
874	2	0.997621
875	6	0.997628
876	3	0.997631
877	6	0.997637
878	3	0.99764
879	6	0.997646
880	6	0.997653
881	3	0.997656
882	7	0.997663
883	4	0.997667
884	2	0.997669
885	4	0.997673
886	3	0.997677
887	3	0.99768
888	5	0.997685
889	3	0.997688
890	2	0.99769
891	3	0.997693
892	4	0.997697
893	4	0.997702
894	4	0.997706
895	7	0.997713
896	6	0.997719
897	2	0.997721
898	1	0.997722
899	3	0.997726
900	1	0.997727
901	3	0.99773
902	3	0.997733
903	2	0.997735
904	2	0.997737
905	4	0.997741
906	3	0.997744
907	3	0.997747
908	5	0.997753
909	4	0.997757
910	6	0.997763
911	6	0.997769
912	5	0.997775
913	2	0.997777
914	3	0.99778
915	1	0.997781
916	5	0.997786
917	6	0.997792
918	4	0.997796
919	5	0.997802
920	1	0.997803
921	8	0.997811
922	1	0.997812
923	2	0.997814
924	4	0.997818
925	4	0.997822
926	2	0.997825
927	2	0.997827
928	2	0.997829
929	6	0.997835
930	5	0.99784
931	2	0.997842
932	5	0.997847
934	2	0.99785
935	2	0.997852
936	2	0.997854
937	2	0.997856
938	3	0.997859
939	4	0.997863
940	4	0.997867
941	3	0.99787
942	1	0.997871
943	5	0.997877
944	3	0.99788
945	6	0.997886
946	5	0.997891
947	2	0.997893
948	2	0.997895
949	2	0.997897
950	1	0.997899
951	1	0.9979
954	2	0.997902
955	3	0.997905
956	3	0.997908
957	2	0.99791
958	1	0.997911
959	3	0.997914
960	6	0.99792
961	6	0.997927
962	1	0.997928
963	3	0.997931
964	1	0.997932
965	4	0.997936
966	3	0.997939
968	8	0.997948
969	1	0.997949
970	3	0.997952
971	4	0.997956
972	3	0.997959
974	3	0.997962
975	1	0.997963
976	2	0.997965
977	2	0.997967
978	5	0.997973
979	4	0.997977
980	1	0.997978
981	1	0.997979
982	4	0.997983
983	3	0.997986
984	3	0.997989
985	2	0.997991
986	3	0.997994
987	2	0.997996
989	3	0.998
990	1	0.998001
991	4	0.998005
993	3	0.998008
994	1	0.998009
995	4	0.998013
996	6	0.998019
997	2	0.998021
998	6	0.998028
999	2	0.99803
1000	5	0.998035
1001	2	0.998037
1002	2	0.998039
1003	6	0.998045
1004	2	0.998048
1005	4	0.998052
1006	8	0.99806
1007	6	0.998066
1008	3	0.998069
1009	3	0.998073
1010	1	0.998074
1011	5	0.998079
1012	1	0.99808
1013	1	0.998081
1014	3	0.998084
1015	3	0.998087
1016	3	0.99809
1017	3	0.998093
1018	3	0.998096
1019	3	0.9981
1020	3	0.998103
1021	3	0.998106
1022	7	0.998113
1023	3	0.998116
1024	4	0.99812
1025	7	0.998128
1026	4	0.998132
1028	4	0.998136
1030	5	0.998141
1031	3	0.998144
1032	7	0.998152
1033	2	0.998154
1034	6	0.99816
1035	1	0.998161
1036	2	0.998163
1037	2	0.998165
1038	2	0.998167
1039	1	0.998168
1040	2	0.99817
1041	3	0.998174
1042	3	0.998177
1043	7	0.998184
1044	2	0.998186
1045	1	0.998187
1046	3	0.99819
1047	5	0.998195
1048	3	0.998199
1049	1	0.9982
1050	3	0.998203
1051	2	0.998205
1052	1	0.998206
1054	4	0.99821
1055	5	0.998215
1056	1	0.998216
1057	3	0.998219
1058	2	0.998222
1059	4	0.998226
1060	2	0.998228
1061	3	0.998231
1062	1	0.998232
1063	3	0.998235
1065	2	0.998237
1066	7	0.998244
1067	2	0.998247
1069	3	0.99825
1070	6	0.998256
1071	3	0.998259
1072	3	0.998262
1073	1	0.998263
1074	3	0.998266
1075	2	0.998268
1076	2	0.99827
1077	5	0.998276
1078	2	0.998278
1079	3	0.998281
1080	1	0.998282
1081	2	0.998284
1082	1	0.998285
1083	1	0.998286
1084	4	0.99829
1085	4	0.998294
1086	3	0.998298
1087	3	0.998301
1088	3	0.998304
1089	3	0.998307
1091	3	0.99831
1094	2	0.998312
1095	3	0.998315
1097	4	0.998319
1098	2	0.998322
1099	4	0.998326
1100	2	0.998328
1101	1	0.998329
1102	4	0.998333
1104	9	0.998342
1106	3	0.998346
1107	4	0.99835
1109	2	0.998352
1110	1	0.998353
1112	1	0.998354
1113	4	0.998358
1114	4	0.998362
1115	1	0.998363
1116	1	0.998364
1117	3	0.998367
1119	1	0.998368
1120	2	0.998371
1121	1	0.998372
1122	1	0.998373
1124	2	0.998375
1125	2	0.998377
1126	1	0.998378
1127	1	0.998379
1128	1	0.99838
1129	2	0.998382
1130	2	0.998384
1131	2	0.998386
1132	1	0.998387
1133	2	0.998389
1134	1	0.99839
1135	3	0.998393
1138	7	0.998401
1140	1	0.998402
1142	3	0.998405
1143	3	0.998408
1144	3	0.998411
1145	1	0.998412
1146	2	0.998414
1148	2	0.998416
1150	4	0.998421
1152	1	0.998422
1153	5	0.998427
1154	4	0.998431
1155	2	0.998433
1156	2	0.998435
1157	1	0.998436
1158	3	0.998439
1159	3	0.998442
1161	2	0.998444
1163	1	0.998446
1165	1	0.998447
1166	4	0.998451
1167	5	0.998456
1168	1	0.998457
1169	2	0.998459
1170	1	0.99846
1171	1	0.998461
1172	5	0.998466
1173	4	0.998471
1174	4	0.998475
1175	1	0.998476
1176	5	0.998481
1177	1	0.998482
1180	2	0.998484
1181	1	0.998485
1182	2	0.998487
1184	4	0.998491
1185	1	0.998492
1187	2	0.998494
1188	2	0.998497
1189	1	0.998498
1190	1	0.998499
1191	4	0.998503
1192	4	0.998507
1193	3	0.99851
1194	2	0.998512
1195	3	0.998515
1196	1	0.998516
1197	1	0.998517
1198	1	0.998518
1201	1	0.998519
1204	3	0.998523
1205	1	0.998524
1206	4	0.998528
1207	1	0.998529
1208	7	0.998536
1209	2	0.998538
1210	5	0.998543
1212	1	0.998544
1214	1	0.998546
1215	2	0.998548
1216	2	0.99855
1217	3	0.998553
1218	2	0.998555
1219	4	0.998559
1222	1	0.99856
1223	3	0.998563
1224	1	0.998564
1226	1	0.998565
1228	5	0.998571
1229	1	0.998572
1231	3	0.998575
1232	3	0.998578
1233	4	0.998582
1234	2	0.998584
1235	1	0.998585
1236	1	0.998586
1237	1	0.998587
1238	3	0.99859
1239	2	0.998592
1240	5	0.998598
1241	2	0.9986
1243	1	0.998601
1245	2	0.998603
1246	1	0.998604
1247	3	0.998607
1248	1	0.998608
1249	2	0.99861
1250	3	0.998613
1251	2	0.998615
1252	1	0.998616
1253	1	0.998617
1254	5	0.998623
1255	2	0.998625
1256	3	0.998628
1257	2	0.99863
1258	1	0.998631
1259	2	0.998633
1261	2	0.998635
1262	1	0.998636
1263	3	0.998639
1264	1	0.99864
1265	1	0.998641
1266	2	0.998643
1267	2	0.998646
1268	1	0.998647
1269	1	0.998648
1271	3	0.998651
1273	4	0.998655
1274	1	0.998656
1276	2	0.998658
1277	1	0.998659
1278	1	0.99866
1279	1	0.998661
1280	4	0.998665
1281	1	0.998666
1282	1	0.998667
1283	2	0.99867
1284	4	0.998674
1285	2	0.998676
1288	1	0.998677
1289	2	0.998679
1290	2	0.998681
1291	2	0.998683
1296	1	0.998684
1297	2	0.998686
1298	2	0.998688
1299	2	0.99869
1301	2	0.998692
1302	1	0.998693
1303	1	0.998695
1304	1	0.998696
1305	3	0.998699
1308	1	0.9987
1309	2	0.998702
1310	1	0.998703
1311	3	0.998706
1312	1	0.998707
1313	3	0.99871
1314	2	0.998712
1315	1	0.998713
1316	4	0.998717
1317	1	0.998718
1318	8	0.998727
1320	1	0.998728
1321	1	0.998729
1322	5	0.998734
1323	1	0.998735
1324	3	0.998738
1325	2	0.99874
1326	3	0.998743
1327	1	0.998745
1328	1	0.998746
1329	1	0.998747
1330	1	0.998748
1331	2	0.99875
1332	1	0.998751
1333	1	0.998752
1334	3	0.998755
1335	2	0.998757
1336	2	0.998759
1338	1	0.99876
1339	1	0.998761
1341	5	0.998766
1342	2	0.998769
1343	2	0.998771
1344	2	0.998773
1345	1	0.998774
1347	2	0.998776
1348	2	0.998778
1353	1	0.998779
1356	1	0.99878
1357	2	0.998782
1358	2	0.998784
1359	4	0.998788
1360	1	0.998789
1361	3	0.998792
1363	1	0.998794
1365	2	0.998796
1366	2	0.998798
1367	2	0.9988
1368	2	0.998802
1369	3	0.998805
1370	1	0.998806
1371	1	0.998807
1375	2	0.998809
1376	1	0.99881
1379	3	0.998813
1380	1	0.998814
1381	2	0.998816
1382	1	0.998817
1384	1	0.998819
1385	1	0.99882
1386	1	0.998821
1387	1	0.998822
1388	1	0.998823
1389	4	0.998827
1390	2	0.998829
1391	1	0.99883
1392	1	0.998831
1394	1	0.998832
1395	1	0.998833
1398	1	0.998834
1402	1	0.998835
1403	1	0.998836
1404	3	0.998839
1405	2	0.998841
1406	1	0.998842
1407	2	0.998845
1408	2	0.998847
1409	1	0.998848
1411	1	0.998849
1412	1	0.99885
1417	3	0.998853
1418	1	0.998854
1419	4	0.998858
1421	1	0.998859
1422	2	0.998861
1423	1	0.998862
1424	1	0.998863
1427	2	0.998865
1429	2	0.998867
1432	2	0.99887
1433	4	0.998874
1434	6	0.99888
1435	1	0.998881
1436	1	0.998882
1439	1	0.998883
1440	3	0.998886
1442	1	0.998887
1443	2	0.998889
1444	1	0.99889
1445	1	0.998891
1446	1	0.998892
1447	4	0.998897
1449	2	0.998899
1451	1	0.9989
1452	1	0.998901
1453	1	0.998902
1454	1	0.998903
1455	1	0.998904
1456	2	0.998906
1459	1	0.998907
1460	3	0.99891
1461	4	0.998914
1462	2	0.998916
1463	1	0.998917
1465	1	0.998919
1468	2	0.998921
1469	3	0.998924
1471	2	0.998926
1473	3	0.998929
1474	1	0.99893
1475	1	0.998931
1476	1	0.998932
1479	1	0.998933
1480	1	0.998934
1482	4	0.998938
1484	1	0.998939
1485	2	0.998941
1486	2	0.998944
1488	1	0.998945
1491	1	0.998946
1493	1	0.998947
1494	1	0.998948
1495	1	0.998949
1497	2	0.998951
1501	2	0.998953
1503	1	0.998954
1505	1	0.998955
1506	2	0.998957
1507	1	0.998958
1508	2	0.99896
1509	1	0.998961
1512	3	0.998964
1514	1	0.998965
1515	1	0.998966
1516	1	0.998968
1517	5	0.998973
1518	4	0.998977
1519	1	0.998978
1520	1	0.998979
1522	1	0.99898
1525	4	0.998984
1527	4	0.998988
1532	2	0.99899
1533	2	0.998993
1534	3	0.998996
1535	2	0.998998
1536	2	0.999
1537	2	0.999002
1539	3	0.999005
1540	1	0.999006
1543	1	0.999007
1544	2	0.999009
1545	3	0.999012
1548	5	0.999018
1549	1	0.999019
1550	1	0.99902
1551	1	0.999021
1552	1	0.999022
1553	1	0.999023
1558	2	0.999025
1559	2	0.999027
1560	3	0.99903
1561	2	0.999032
1562	6	0.999038
1564	1	0.999039
1568	2	0.999041
1569	5	0.999047
1570	2	0.999049
1571	1	0.99905
1573	2	0.999052
1574	1	0.999053
1575	1	0.999054
1576	5	0.999059
1577	1	0.99906
1578	2	0.999062
1579	1	0.999063
1580	2	0.999065
1581	3	0.999069
1582	3	0.999072
1583	3	0.999075
1584	2	0.999077
1585	2	0.999079
1587	1	0.99908
1588	1	0.999081
1589	1	0.999082
1590	1	0.999083
1592	1	0.999084
1593	1	0.999085
1594	2	0.999087
1595	2	0.999089
1597	2	0.999091
1598	4	0.999096
1599	4	0.9991
1601	4	0.999104
1602	2	0.999106
1603	1	0.999107
1605	2	0.999109
1607	2	0.999111
1608	1	0.999112
1609	1	0.999113
1610	2	0.999115
1611	2	0.999118
1612	2	0.99912
1613	1	0.999121
1614	1	0.999122
1616	1	0.999123
1617	1	0.999124
1620	1	0.999125
1621	2	0.999127
1622	1	0.999128
1623	4	0.999132
1627	2	0.999134
1628	1	0.999135
1629	1	0.999136
1631	2	0.999138
1632	1	0.999139
1633	1	0.99914
1634	2	0.999143
1635	2	0.999145
1636	3	0.999148
1637	2	0.99915
1638	4	0.999154
1639	1	0.999155
1643	1	0.999156
1648	2	0.999158
1649	4	0.999162
1650	1	0.999163
1651	1	0.999164
1652	1	0.999165
1653	3	0.999169
1654	1	0.99917
1655	1	0.999171
1658	2	0.999173
1659	2	0.999175
1661	1	0.999176
1662	5	0.999181
1663	5	0.999186
1664	3	0.999189
1665	7	0.999197
1666	2	0.999199
1667	4	0.999203
1668	2	0.999205
1669	1	0.999206
1671	1	0.999207
1672	1	0.999208
1678	1	0.999209
1679	2	0.999211
1683	3	0.999214
1685	1	0.999215
1689	1	0.999217
1690	2	0.999219
1691	2	0.999221
1692	1	0.999222
1693	2	0.999224
1694	2	0.999226
1695	2	0.999228
1699	1	0.999229
1700	1	0.99923
1701	1	0.999231
1707	3	0.999234
1709	1	0.999235
1712	2	0.999237
1714	1	0.999238
1715	2	0.99924
1716	1	0.999242
1719	5	0.999247
1723	4	0.999251
1724	4	0.999255
1725	1	0.999256
1726	2	0.999258
1727	1	0.999259
1729	1	0.99926
1730	1	0.999261
1731	1	0.999262
1732	1	0.999263
1733	1	0.999264
1736	1	0.999265
1737	1	0.999267
1738	1	0.999268
1741	1	0.999269
1742	4	0.999273
1743	2	0.999275
1744	1	0.999276
1750	3	0.999279
1751	3	0.999282
1754	1	0.999283
1755	4	0.999287
1756	1	0.999288
1758	3	0.999292
1762	1	0.999293
1766	5	0.999298
1769	1	0.999299
1771	2	0.999301
1774	1	0.999302
1775	1	0.999303
1776	2	0.999305
1778	1	0.999306
1780	1	0.999307
1781	1	0.999308
1782	1	0.999309
1784	1	0.99931
1785	1	0.999311
1786	1	0.999312
1787	3	0.999315
1790	1	0.999317
1796	2	0.999319
1797	3	0.999322
1798	3	0.999325
1800	1	0.999326
1801	1	0.999327
1803	1	0.999328
1804	1	0.999329
1807	4	0.999333
1808	1	0.999334
1809	1	0.999335
1810	2	0.999337
1811	1	0.999338
1813	1	0.999339
1814	2	0.999342
1816	2	0.999344
1817	1	0.999345
1821	1	0.999346
1823	1	0.999347
1824	1	0.999348
1825	1	0.999349
1826	2	0.999351
1828	2	0.999353
1829	2	0.999355
1832	3	0.999358
1833	2	0.99936
1836	1	0.999361
1840	1	0.999362
1844	1	0.999363
1845	1	0.999364
1846	8	0.999373
1847	3	0.999376
1849	1	0.999377
1852	2	0.999379
1853	1	0.99938
1855	3	0.999383
1859	1	0.999384
1860	2	0.999386
1865	1	0.999387
1866	1	0.999388
1868	1	0.999389
1870	1	0.999391
1871	3	0.999394
1872	1	0.999395
1875	1	0.999396
1877	4	0.9994
1878	1	0.999401
1881	1	0.999402
1882	1	0.999403
1883	3	0.999406
1885	2	0.999408
1887	5	0.999413
1890	2	0.999416
1893	2	0.999418
1895	1	0.999419
1897	1	0.99942
1899	1	0.999421
1901	2	0.999423
1902	3	0.999426
1903	2	0.999428
1905	1	0.999429
1907	2	0.999431
1908	1	0.999432
1909	2	0.999434
1910	3	0.999437
1911	1	0.999438
1913	1	0.999439
1914	2	0.999442
1919	1	0.999443
1922	1	0.999444
1925	1	0.999445
1926	2	0.999447
1929	4	0.999451
1930	1	0.999452
1931	1	0.999453
1932	1	0.999454
1934	1	0.999455
1936	1	0.999456
1939	1	0.999457
1940	1	0.999458
1941	2	0.99946
1946	1	0.999461
1949	2	0.999463
1952	1	0.999464
1955	1	0.999466
1956	3	0.999469
1960	2	0.999471
1961	3	0.999474
1963	1	0.999475
1964	3	0.999478
1965	2	0.99948
1967	2	0.999482
1968	1	0.999483
1970	1	0.999484
1971	1	0.999485
1974	2	0.999487
1976	1	0.999488
1980	1	0.999489
1981	2	0.999492
1983	4	0.999496
1984	1	0.999497
1985	1	0.999498
1989	3	0.999501
1990	1	0.999502
1992	1	0.999503
1993	1	0.999504
1996	1	0.999505
1997	1	0.999506
2001	1	0.999507
2002	1	0.999508
2004	4	0.999512
2005	3	0.999516
2006	1	0.999517
2008	1	0.999518
2010	1	0.999519
2011	1	0.99952
2012	1	0.999521
2016	1	0.999522
2017	1	0.999523
2020	1	0.999524
2023	1	0.999525
2024	1	0.999526
2025	1	0.999527
2028	1	0.999528
2029	2	0.99953
2030	1	0.999531
2031	1	0.999532
2032	4	0.999536
2033	5	0.999542
2034	4	0.999546
2037	3	0.999549
2038	1	0.99955
2039	3	0.999553
2040	1	0.999554
2042	3	0.999557
2043	3	0.99956
2044	1	0.999561
2047	2	0.999563
2049	1	0.999564
2052	2	0.999567
2053	2	0.999569
2054	1	0.99957
2056	1	0.999571
2057	2	0.999573
2061	3	0.999576
2062	1	0.999577
2063	1	0.999578
2065	4	0.999582
2068	3	0.999585
2070	6	0.999592
2072	2	0.999594
2073	1	0.999595
2074	1	0.999596
2076	2	0.999598
2079	1	0.999599
2080	1	0.9996
2083	1	0.999601
2084	1	0.999602
2094	1	0.999603
2098	1	0.999604
2099	2	0.999606
2100	2	0.999608
2101	2	0.99961
2103	1	0.999611
2104	2	0.999613
2106	2	0.999616
2107	1	0.999617
2108	5	0.999622
2110	2	0.999624
2113	1	0.999625
2114	2	0.999627
2116	1	0.999628
2118	1	0.999629
2119	3	0.999632
2122	1	0.999633
2123	1	0.999634
2124	1	0.999635
2127	2	0.999637
2130	1	0.999638
2131	1	0.99964
2132	2	0.999642
2134	2	0.999644
2135	3	0.999647
2137	2	0.999649
2138	2	0.999651
2139	1	0.999652
2141	1	0.999653
2142	6	0.999659
2143	2	0.999661
2144	1	0.999662
2147	1	0.999663
2152	1	0.999665
2153	2	0.999667
2156	1	0.999668
2160	2	0.99967
2162	1	0.999671
2164	1	0.999672
2166	2	0.999674
2167	3	0.999677
2168	1	0.999678
2170	1	0.999679
2172	1	0.99968
2173	1	0.999681
2174	1	0.999682
2178	1	0.999683
2186	1	0.999684
2188	2	0.999686
2189	1	0.999687
2195	2	0.99969
2196	1	0.999691
2197	1	0.999692
2198	1	0.999693
2201	1	0.999694
2203	2	0.999696
2204	2	0.999698
2207	1	0.999699
2208	2	0.999701
2212	1	0.999702
2214	1	0.999703
2215	2	0.999705
2216	1	0.999706
2217	1	0.999707
2219	2	0.999709
2220	1	0.99971
2222	1	0.999711
2223	1	0.999712
2224	5	0.999718
2225	2	0.99972
2226	1	0.999721
2227	1	0.999722
2232	1	0.999723
2234	1	0.999724
2235	1	0.999725
2241	1	0.999726
2242	1	0.999727
2243	2	0.999729
2244	1	0.99973
2245	2	0.999732
2248	1	0.999733
2251	1	0.999734
2252	1	0.999735
2254	1	0.999736
2255	1	0.999737
2256	1	0.999738
2257	3	0.999742
2259	1	0.999743
2263	4	0.999747
2264	1	0.999748
2265	2	0.99975
2266	2	0.999752
2267	1	0.999753
2273	3	0.999756
2275	3	0.999759
2277	1	0.99976
2281	1	0.999761
2282	1	0.999762
2283	1	0.999763
2285	2	0.999766
2290	1	0.999767
2291	1	0.999768
2292	1	0.999769
2296	1	0.99977
2301	1	0.999771
2303	1	0.999772
2307	2	0.999774
2309	1	0.999775
2311	1	0.999776
2313	1	0.999777
2314	2	0.999779
2327	1	0.99978
2329	3	0.999783
2333	2	0.999785
2334	1	0.999786
2340	1	0.999787
2343	1	0.999788
2345	2	0.999791
2347	1	0.999792
2350	1	0.999793
2352	1	0.999794
2354	1	0.999795
2356	1	0.999796
2357	3	0.999799
2358	1	0.9998
2361	1	0.999801
2364	1	0.999802
2365	1	0.999803
2369	1	0.999804
2374	1	0.999805
2379	1	0.999806
2380	1	0.999807
2381	4	0.999811
2394	2	0.999814
2397	1	0.999815
2399	1	0.999816
2400	1	0.999817
2401	1	0.999818
2404	1	0.999819
2411	1	0.99982
2420	2	0.999822
2428	2	0.999824
2440	1	0.999825
2451	3	0.999828
2453	2	0.99983
2456	1	0.999831
2463	1	0.999832
2470	2	0.999834
2487	1	0.999835
2492	1	0.999836
2495	1	0.999837
2506	2	0.99984
2507	1	0.999841
2508	1	0.999842
2510	1	0.999843
2518	1	0.999844
2521	1	0.999845
2523	1	0.999846
2528	1	0.999847
2533	1	0.999848
2534	1	0.999849
2537	1	0.99985
2543	1	0.999851
2545	2	0.999853
2548	1	0.999854
2553	1	0.999855
2557	1	0.999856
2559	1	0.999857
2575	1	0.999858
2593	1	0.999859
2598	1	0.99986
2599	1	0.999861
2608	1	0.999862
2627	1	0.999864
2640	1	0.999865
2648	1	0.999866
2668	2	0.999868
2677	1	0.999869
2685	1	0.99987
2700	1	0.999871
2710	1	0.999872
2718	1	0.999873
2736	1	0.999874
2759	1	0.999875
2763	1	0.999876
2772	1	0.999877
2773	1	0.999878
2795	1	0.999879
2799	1	0.99988
2800	1	0.999881
2825	1	0.999882
2838	1	0.999883
2857	1	0.999884
2867	1	0.999885
2870	1	0.999886
2880	2	0.999889
2909	1	0.99989
2912	1	0.999891
2924	1	0.999892
2947	1	0.999893
2954	1	0.999894
2968	1	0.999895
2988	1	0.999896
3012	1	0.999897
3030	1	0.999898
3076	1	0.999899
3079	1	0.9999
3087	1	0.999901
3089	1	0.999902
3097	2	0.999904
3117	1	0.999905
3118	1	0.999906
3144	1	0.999907
3171	1	0.999908
3176	1	0.999909
3187	1	0.99991
3190	1	0.999911
3198	1	0.999912
3225	1	0.999914
3244	2	0.999916
3263	1	0.999917
3283	1	0.999918
3285	1	0.999919
3294	1	0.99992
3300	2	0.999922
3320	1	0.999923
3327	1	0.999924
3334	1	0.999925
3349	1	0.999926
3359	1	0.999927
3382	1	0.999928
3409	1	0.999929
3410	1	0.99993
3466	1	0.999931
3531	1	0.999932
3532	1	0.999933
3541	1	0.999934
3549	1	0.999935
3556	1	0.999936
3559	1	0.999937
3587	1	0.999939
3590	1	0.99994
3597	1	0.999941
3600	1	0.999942
3605	1	0.999943
3609	1	0.999944
3613	1	0.999945
3640	1	0.999946
3645	1	0.999947
3647	1	0.999948
3664	1	0.999949
3672	1	0.99995
3704	1	0.999951
3723	1	0.999952
3740	1	0.999953
3746	1	0.999954
3759	1	0.999955
3780	1	0.999956
3790	1	0.999957
3812	1	0.999958
3814	2	0.99996
3840	1	0.999961
3842	1	0.999962
3859	1	0.999964
3891	1	0.999965
3945	1	0.999966
3979	1	0.999967
3992	1	0.999968
3994	1	0.999969
3997	1	0.99997
4009	1	0.999971
4030	1	0.999972
4083	1	0.999973
4114	1	0.999974
4115	1	0.999975
4200	1	0.999976
4239	1	0.999977
4272	1	0.999978
4294	1	0.999979
4295	1	0.99998
4298	1	0.999981
4313	1	0.999982
4324	1	0.999983
4347	1	0.999984
4350	1	0.999985
4360	1	0.999986
4366	1	0.999987
4445	1	0.999989
4446	1	0.99999
4474	1	0.999991
4477	1	0.999992
4537	1	0.999993
4573	1	0.999994
4583	1	0.999995
4586	1	0.999996
4609	1	0.999997
4789	1	0.999998
4798	1	0.999999
4915	1	1
